# M/Mo=1.50 [Fe/H]=-0.50 [a/Fe]= 0.00
#    Age    Log Teff Log g  Log L/Lo   F435W   F475W   F555W   F606W   F625W   F775W   F814W   F850L
 3.00900E+05  3.7111  2.6109  1.8012  1.3985  1.0169  0.5337  0.3043  0.0773 -0.3426 -0.4030 -0.5801
 3.19586E+06  3.7111  2.6122  1.7995  1.4033  1.0214  0.5381  0.3087  0.0815 -0.3384 -0.3989 -0.5761
 6.98909E+06  3.7106  2.6049  1.8048  1.3943  1.0112  0.5267  0.2966  0.0690 -0.3518 -0.4124 -0.5901
 1.13486E+07  3.7104  2.5992  1.8097  1.3841  1.0004  0.5153  0.2850  0.0572 -0.3640 -0.4247 -0.6027
 1.67893E+07  3.7106  2.5959  1.8140  1.3710  0.9880  0.5035  0.2736  0.0460 -0.3748 -0.4354 -0.6131
 2.26023E+07  3.7111  2.5935  1.8182  1.3565  0.9746  0.4913  0.2619  0.0348 -0.3852 -0.4457 -0.6229
 2.73931E+07  3.7115  2.5920  1.8214  1.3449  0.9641  0.4818  0.2529  0.0261 -0.3931 -0.4535 -0.6302
 3.26302E+07  3.7118  2.5894  1.8252  1.3325  0.9525  0.4710  0.2424  0.0160 -0.4027 -0.4630 -0.6394
 3.78250E+07  3.7120  2.5865  1.8291  1.3208  0.9414  0.4604  0.2321  0.0059 -0.4124 -0.4725 -0.6487
 4.28892E+07  3.7122  2.5833  1.8330  1.3095  0.9306  0.4500  0.2220 -0.0041 -0.4221 -0.4822 -0.6581
 4.76449E+07  3.7123  2.5803  1.8365  1.2995  0.9209  0.4407  0.2128 -0.0131 -0.4309 -0.4909 -0.6668
 5.31784E+07  3.7124  2.5759  1.8409  1.2883  0.9098  0.4296  0.2018 -0.0241 -0.4419 -0.5019 -0.6777
 5.73101E+07  3.7122  2.5721  1.8443  1.2811  0.9022  0.4217  0.1937 -0.0323 -0.4503 -0.5104 -0.6863
 6.01282E+07  3.7121  2.5690  1.8468  1.2760  0.8968  0.4159  0.1877 -0.0384 -0.4567 -0.5168 -0.6929
 6.32636E+07  3.7118  2.5648  1.8499  1.2706  0.8907  0.4093  0.1808 -0.0456 -0.4644 -0.5246 -0.7010
 6.71715E+07  3.7115  2.5597  1.8536  1.2644  0.8836  0.4013  0.1723 -0.0544 -0.4738 -0.5341 -0.7109
 6.88220E+07  3.7111  2.5556  1.8562  1.2615  0.8796  0.3964  0.1670 -0.0601 -0.4802 -0.5406 -0.7178
 7.20190E+07  3.7104  2.5483  1.8609  1.2553  0.8717  0.3869  0.1568 -0.0709 -0.4921 -0.5527 -0.7307
 7.52132E+07  3.7096  2.5391  1.8667  1.2485  0.8627  0.3758  0.1446 -0.0838 -0.5065 -0.5675 -0.7464
 7.82882E+07  3.7083  2.5255  1.8751  1.2389  0.8497  0.3597  0.1270 -0.1027 -0.5276 -0.5891 -0.7693
 8.26368E+07  3.7064  2.5041  1.8888  1.2225  0.8280  0.3331  0.0980 -0.1335 -0.5619 -0.6240 -0.8061
 8.62569E+07  3.7031  2.4672  1.9127  1.1930  0.7894  0.2864  0.0474 -0.1872 -0.6215 -0.6847 -0.8697
 8.98321E+07  3.6877  2.2622  2.0563  0.9676  0.5323 -0.0025 -0.2617 -0.5099 -0.9672 -1.0382 -1.2422
 8.98448E+07  3.6872  2.2535  2.0626  0.9577  0.5208 -0.0154 -0.2754 -0.5243 -0.9825 -1.0538 -1.2584
 8.98994E+07  3.6841  2.2061  2.0975  0.9036  0.4572 -0.0874 -0.3517 -0.6036 -1.0679 -1.1404 -1.3483
 8.99792E+07  3.6787  2.1230  2.1593  0.8080  0.3447 -0.2143 -0.4861 -0.7435 -1.2183 -1.2929 -1.5062
 9.01041E+07  3.6721  2.0179  2.2381  0.6867  0.2024 -0.3745 -0.6562 -0.9205 -1.4086 -1.4861 -1.7061
 9.02802E+07  3.6738  2.0427  2.2199  0.7127  0.2337 -0.3387 -0.6178 -0.8803 -1.3650 -1.4418 -1.6601
 9.06837E+07  3.6770  2.0934  2.1819  0.7715  0.3026 -0.2611 -0.5355 -0.7947 -1.2730 -1.3484 -1.5635
 9.12750E+07  3.6775  2.1024  2.1752  0.7818  0.3147 -0.2475 -0.5210 -0.7796 -1.2568 -1.3320 -1.5465
 9.24117E+07  3.6758  2.0769  2.1938  0.7546  0.2821 -0.2847 -0.5608 -0.8212 -1.3018 -1.3777 -1.5939
 9.37989E+07  3.6700  1.9862  2.2613  0.6540  0.1628 -0.4200 -0.7050 -0.9715 -1.4641 -1.5424 -1.7649
 9.43799E+07  3.6673  1.9421  2.2945  0.6035  0.1034 -0.4868 -0.7760 -1.0455 -1.5438 -1.6231 -1.8488
 9.50723E+07  3.6634  1.8814  2.3397  0.5382  0.0255 -0.5755 -0.8710 -1.1448 -1.6515 -1.7322 -1.9627
 9.56256E+07  3.6601  1.8269  2.3809  0.4769 -0.0468 -0.6570 -0.9581 -1.2355 -1.7496 -1.8318 -2.0660
 9.62674E+07  3.6557  1.7539  2.4362  0.3955 -0.1427 -0.7654 -1.0739 -1.3564 -1.8806 -1.9649 -2.2042
 9.66688E+07  3.6524  1.7008  2.4762  0.3392 -0.2100 -0.8420 -1.1563 -1.4426 -1.9746 -2.0606 -2.3036
 9.69288E+07  3.6502  1.6632  2.5048  0.2979 -0.2587 -0.8972 -1.2155 -1.5044 -2.0420 -2.1290 -2.3747
 9.70240E+07  3.6492  1.6486  2.5158  0.2827 -0.2769 -0.9180 -1.2380 -1.5280 -2.0679 -2.1553 -2.4021
 9.71871E+07  3.6477  1.6225  2.5354  0.2555 -0.3093 -0.9551 -1.2780 -1.5699 -2.1139 -2.2021 -2.4508
 9.73762E+07  3.6457  1.5909  2.5593  0.2225 -0.3486 -1.0000 -1.3266 -1.6208 -2.1699 -2.2590 -2.5099
 9.75161E+07  3.6442  1.5663  2.5778  0.1983 -0.3779 -1.0339 -1.3635 -1.6596 -2.2129 -2.3026 -2.5555
 9.76689E+07  3.6423  1.5380  2.5987  0.1722 -0.4100 -1.0714 -1.4046 -1.7029 -2.2612 -2.3517 -2.6069
 9.76859E+07  3.6421  1.5348  2.6011  0.1693 -0.4136 -1.0756 -1.4092 -1.7078 -2.2667 -2.3573 -2.6127
 9.77815E+07  3.6409  1.5166  2.6145  0.1525 -0.4342 -1.0997 -1.4357 -1.7357 -2.2978 -2.3890 -2.6459
 9.78854E+07  3.6396  1.4963  2.6296  0.1340 -0.4569 -1.1264 -1.4650 -1.7667 -2.3324 -2.4242 -2.6828
 9.80439E+07  3.6376  1.4645  2.6531  0.1055 -0.4921 -1.1678 -1.5106 -1.8149 -2.3863 -2.4793 -2.7405
 9.81930E+07  3.6355  1.4334  2.6759  0.0790 -0.5253 -1.2073 -1.5543 -1.8612 -2.4383 -2.5325 -2.7963
 9.82735E+07  3.6343  1.4163  2.6886  0.0647 -0.5434 -1.2288 -1.5782 -1.8866 -2.4670 -2.5618 -2.8271
 9.83983E+07  3.6326  1.3892  2.7084  0.0423 -0.5717 -1.2626 -1.6157 -1.9265 -2.5121 -2.6079 -2.8756
 9.85208E+07  3.6307  1.3620  2.7283  0.0207 -0.5993 -1.2958 -1.6529 -1.9660 -2.5570 -2.6539 -2.9239
 9.86292E+07  3.6291  1.3377  2.7462  0.0011 -0.6241 -1.3257 -1.6862 -2.0014 -2.5974 -2.6951 -2.9673
 9.87326E+07  3.6276  1.3144  2.7634 -0.0180 -0.6483 -1.3547 -1.7185 -2.0357 -2.6364 -2.7350 -3.0093
 9.88639E+07  3.6256  1.2838  2.7859 -0.0417 -0.6786 -1.3914 -1.7598 -2.0796 -2.6868 -2.7865 -3.0636
 9.89492E+07  3.6242  1.2630  2.8011 -0.0573 -0.6987 -1.4159 -1.7874 -2.1091 -2.7208 -2.8212 -3.1003
 9.90313E+07  3.6228  1.2419  2.8165 -0.0734 -0.7193 -1.4409 -1.8156 -2.1392 -2.7554 -2.8566 -3.1376
 9.91355E+07  3.6209  1.2128  2.8384 -0.0976 -0.7494 -1.4769 -1.8558 -2.1819 -2.8044 -2.9066 -3.1902
 9.92384E+07  3.6187  1.1787  2.8634 -0.1227 -0.7816 -1.5164 -1.9005 -2.2296 -2.8599 -2.9633 -3.2501
 9.93294E+07  3.6164  1.1437  2.8893 -0.1494 -0.8155 -1.5576 -1.9470 -2.2791 -2.9176 -3.0223 -3.3124
 9.94149E+07  3.6141  1.1064  2.9172 -0.1787 -0.8523 -1.6021 -1.9970 -2.3323 -2.9796 -3.0857 -3.3792
 9.95000E+07  3.6115  1.0658  2.9475 -0.2092 -0.8910 -1.6493 -2.0505 -2.3893 -3.0468 -3.1543 -3.4519
 9.95986E+07  3.6080  1.0150  2.9842 -0.2393 -0.9314 -1.7013 -2.1108 -2.4543 -3.1263 -3.2362 -3.5394
 9.96989E+07  3.6040  0.9567  3.0266 -0.2735 -0.9772 -1.7602 -2.1793 -2.5279 -3.2176 -3.3303 -3.6403
 9.98122E+07  3.5991  0.8860  3.0777 -0.3100 -1.0280 -1.8271 -2.2577 -2.6125 -3.3259 -3.4423 -3.7610
 9.99201E+07  3.5944  0.8178  3.1271 -0.3430 -1.0745 -1.8889 -2.3301 -2.6906 -3.4295 -3.5496 -3.8772
 1.00041E+08  3.5896  0.7456  3.1801 -0.3788 -1.1243 -1.9543 -2.4059 -2.7717 -3.5405 -3.6649 -4.0024
 1.00185E+08  3.5857  0.6890  3.2214 -0.4020 -1.1584 -2.0008 -2.4600 -2.8296 -3.6254 -3.7538 -4.0998
 1.00185E+08  3.5857  0.6890  3.2214 -0.4020 -1.1584 -2.0008 -2.4600 -2.8296 -3.6254 -3.7538 -4.0998
