# M/Mo=1.50 [Fe/H]=-0.50 [a/Fe]= 0.00
#    Age    Log Teff Log g  Log L/Lo   F435W   F475W   F555W   F606W   F625W   F775W   F814W   F850L
 1.25494E+07  3.9328  4.4416  0.8570  2.8209  2.7875  2.7025  2.6655  2.6187  2.5567  2.5366  2.4806
 3.05347E+07  3.9323  4.4418  0.8550  2.8265  2.7926  2.7068  2.6695  2.6223  2.5596  2.5395  2.4833
 1.06043E+08  3.9331  4.4346  0.8651  2.7996  2.7666  2.6822  2.6455  2.5991  2.5378  2.5177  2.4616
 1.72440E+08  3.9337  4.4281  0.8741  2.7761  2.7437  2.6605  2.6244  2.5786  2.5183  2.4982  2.4422
 2.47974E+08  3.9341  4.4201  0.8839  2.7505  2.7187  2.6365  2.6008  2.5555  2.4961  2.4760  2.4200
 3.28223E+08  3.9345  4.4110  0.8943  2.7234  2.6921  2.6106  2.5753  2.5304  2.4718  2.4516  2.3955
 4.06570E+08  3.9347  4.4015  0.9047  2.6963  2.6653  2.5844  2.5494  2.5050  2.4470  2.4268  2.3705
 4.84736E+08  3.9347  4.3914  0.9148  2.6700  2.6392  2.5586  2.5238  2.4795  2.4218  2.4015  2.3449
 5.61465E+08  3.9345  4.3802  0.9252  2.6432  2.6125  2.5318  2.4970  2.4527  2.3950  2.3746  2.3177
 6.37885E+08  3.9341  4.3682  0.9357  2.6159  2.5852  2.5044  2.4694  2.4250  2.3673  2.3467  2.2894
 7.17762E+08  3.9335  4.3558  0.9458  2.5897  2.5587  2.4773  2.4422  2.3975  2.3393  2.3186  2.2607
 7.92011E+08  3.9327  4.3419  0.9564  2.5627  2.5312  2.4489  2.4134  2.3682  2.3094  2.2884  2.2299
 8.65455E+08  3.9317  4.3271  0.9669  2.5355  2.5035  2.4200  2.3839  2.3381  2.2782  2.2569  2.1977
 9.36496E+08  3.9305  4.3119  0.9775  2.5086  2.4758  2.3910  2.3542  2.3077  2.2466  2.2251  2.1651
 1.01342E+09  3.9288  4.2936  0.9890  2.4794  2.4455  2.3588  2.3212  2.2736  2.2107  2.1889  2.1281
 1.08594E+09  3.9269  4.2753  0.9998  2.4522  2.4170  2.3282  2.2896  2.2408  2.1758  2.1538  2.0924
 1.15226E+09  3.9249  4.2569  1.0101  2.4270  2.3903  2.2991  2.2593  2.2092  2.1417  2.1195  2.0574
 1.22265E+09  3.9224  4.2356  1.0216  2.3996  2.3610  2.2669  2.2256  2.1737  2.1031  2.0807  2.0178
 1.29737E+09  3.9192  4.2107  1.0336  2.3721  2.3310  2.2329  2.1896  2.1353  2.0603  2.0376  1.9737
 1.36313E+09  3.9159  4.1866  1.0443  2.3486  2.3049  2.2027  2.1571  2.1003  2.0204  1.9973  1.9325
 1.43226E+09  3.9118  4.1591  1.0556  2.3257  2.2788  2.1714  2.1228  2.0627  1.9767  1.9532  1.8871
 1.50490E+09  3.9066  4.1262  1.0676  2.3039  2.2529  2.1386  2.0861  2.0218  1.9275  1.9034  1.8359
 1.56568E+09  3.9014  4.0953  1.0776  2.2881  2.2329  2.1120  2.0556  1.9869  1.8840  1.8594  1.7903
 1.62893E+09  3.8949  4.0591  1.0878  2.2746  2.2144  2.0856  2.0242  1.9503  1.8366  1.8113  1.7400
 1.67804E+09  3.8890  4.0278  1.0956  2.2676  2.2026  2.0662  2.0001  1.9213  1.7976  1.7718  1.6986
 1.72864E+09  3.8820  3.9921  1.1034  2.2643  2.1932  2.0474  1.9757  1.8910  1.7554  1.7288  1.6534
 1.76323E+09  3.8767  3.9657  1.1085  2.2641  2.1882  2.0352  1.9592  1.8701  1.7256  1.6984  1.6213
 1.79850E+09  3.8707  3.9365  1.1138  2.2661  2.1848  2.0234  1.9426  1.8486  1.6940  1.6660  1.5869
 1.83449E+09  3.8641  3.9049  1.1191  2.2707  2.1831  2.0123  1.9261  1.8267  1.6608  1.6321  1.5505
 1.87120E+09  3.8571  3.8710  1.1247  2.2768  2.1821  2.0009  1.9089  1.8036  1.6258  1.5963  1.5119
 1.90248E+09  3.8515  3.8428  1.1305  2.2787  2.1784  1.9891  1.8925  1.7827  1.5956  1.5652  1.4786
 1.93171E+09  3.8480  3.8208  1.1386  2.2685  2.1647  1.9704  1.8710  1.7583  1.5655  1.5347  1.4464
 1.95236E+09  3.8498  3.8160  1.1505  2.2325  2.1307  1.9392  1.8413  1.7302  1.5406  1.5100  1.4224
 1.96251E+09  3.8561  3.8279  1.1640  2.1786  2.0833  1.9013  1.8089  1.7031  1.5245  1.4947  1.4095
 1.96672E+09  3.8626  3.8425  1.1752  2.1309  2.0422  1.8700  1.7830  1.6828  1.5154  1.4863  1.4034
 1.96931E+09  3.8695  3.8584  1.1868  2.0811  1.9994  1.8375  1.7564  1.6621  1.5070  1.4785  1.3978
 1.97090E+09  3.8763  3.8736  1.1992  2.0311  1.9559  1.8040  1.7286  1.6403  1.4972  1.4695  1.3907
 1.97186E+09  3.8826  3.8863  1.2116  1.9831  1.9139  1.7710  1.7009  1.6179  1.4860  1.4588  1.3817
 1.97248E+09  3.8881  3.8964  1.2234  1.9394  1.8753  1.7402  1.6748  1.5967  1.4746  1.4478  1.3720
 1.97287E+09  3.8923  3.9033  1.2335  1.9031  1.8429  1.7141  1.6523  1.5781  1.4637  1.4372  1.3622
 1.97320E+09  3.8963  3.9090  1.2438  1.8669  1.8105  1.6876  1.6293  1.5589  1.4519  1.4256  1.3515
 1.97354E+09  3.8995  3.9135  1.2521  1.8381  1.7848  1.6667  1.6112  1.5437  1.4426  1.4165  1.3430
 1.97389E+09  3.8967  3.9136  1.2408  1.8736  1.8176  1.6952  1.6372  1.5670  1.4607  1.4345  1.3605
 1.97404E+09  3.8930  3.9096  1.2300  1.9104  1.8509  1.7229  1.6617  1.5881  1.4748  1.4484  1.3737
 1.97421E+09  3.8878  3.8974  1.2214  1.9450  1.8806  1.7452  1.6795  1.6012  1.4787  1.4519  1.3760
 1.97443E+09  3.8826  3.8741  1.2237  1.9522  1.8831  1.7403  1.6703  1.5874  1.4558  1.4285  1.3511
 1.97470E+09  3.8779  3.8449  1.2339  1.9375  1.8642  1.7150  1.6412  1.5545  1.4149  1.3871  1.3082
 1.97507E+09  3.8729  3.8153  1.2437  1.9252  1.8474  1.6913  1.6136  1.5229  1.3750  1.3465  1.2660
 1.97557E+09  3.8679  3.7888  1.2502  1.9223  1.8397  1.6766  1.5948  1.4999  1.3434  1.3144  1.2323
 1.97626E+09  3.8628  3.7639  1.2548  1.9250  1.8375  1.6669  1.5809  1.4816  1.3165  1.2869  1.2031
 1.97724E+09  3.8578  3.7406  1.2580  1.9319  1.8393  1.6612  1.5709  1.4674  1.2935  1.2635  1.1778
 1.97862E+09  3.8528  3.7183  1.2603  1.9414  1.8437  1.6582  1.5638  1.4561  1.2737  1.2430  1.1553
 1.98040E+09  3.8478  3.6965  1.2619  1.9530  1.8500  1.6571  1.5584  1.4466  1.2557  1.2244  1.1346
 1.98248E+09  3.8427  3.6752  1.2632  1.9663  1.8578  1.6571  1.5542  1.4382  1.2387  1.2067  1.1148
 1.98473E+09  3.8377  3.6542  1.2641  1.9810  1.8668  1.6581  1.5509  1.4308  1.2228  1.1900  1.0959
 1.98699E+09  3.8327  3.6334  1.2648  1.9970  1.8769  1.6602  1.5488  1.4245  1.2081  1.1746  1.0782
 1.98918E+09  3.8277  3.6131  1.2650  2.0150  1.8886  1.6637  1.5479  1.4195  1.1947  1.1603  1.0614
 1.99132E+09  3.8226  3.5933  1.2647  2.0348  1.9020  1.6686  1.5484  1.4159  1.1828  1.1476  1.0461
 1.99348E+09  3.8176  3.5741  1.2638  2.0569  1.9175  1.6753  1.5508  1.4142  1.1727  1.1366  1.0325
 1.99560E+09  3.8126  3.5558  1.2620  2.0820  1.9354  1.6843  1.5554  1.4147  1.1649  1.1278  1.0211
 1.99767E+09  3.8076  3.5384  1.2594  2.1104  1.9563  1.6960  1.5626  1.4178  1.1598  1.1219  1.0123
 1.99968E+09  3.8025  3.5221  1.2555  2.1428  1.9809  1.7110  1.5731  1.4242  1.1578  1.1191  1.0065
 2.00161E+09  3.7975  3.5073  1.2502  2.1798  2.0096  1.7299  1.5874  1.4344  1.1597  1.1200  1.0045
 2.00346E+09  3.7925  3.4942  1.2432  2.2222  2.0433  1.7535  1.6064  1.4492  1.1664  1.1256  1.0069
 2.00522E+09  3.7874  3.4829  1.2342  2.2704  2.0823  1.7820  1.6303  1.4690  1.1781  1.1362  1.0143
 2.00676E+09  3.7828  3.4746  1.2242  2.3200  2.1231  1.8131  1.6572  1.4921  1.1939  1.1510  1.0261
 2.00800E+09  3.7790  3.4691  1.2141  2.3668  2.1621  1.8436  1.6841  1.5159  1.2114  1.1676  1.0402
 2.00907E+09  3.7755  3.4658  1.2039  2.4112  2.1998  1.8742  1.7115  1.5405  1.2306  1.1860  1.0562
 2.01000E+09  3.7724  3.4632  1.1938  2.4562  2.2371  1.9039  1.7382  1.5644  1.2493  1.2042  1.0727
 2.01084E+09  3.7695  3.4619  1.1836  2.5049  2.2744  1.9320  1.7635  1.5869  1.2663  1.2213  1.0896
 2.01160E+09  3.7669  3.4614  1.1735  2.5563  2.3116  1.9587  1.7875  1.6082  1.2817  1.2374  1.1066
 2.01233E+09  3.7643  3.4614  1.1632  2.6068  2.3490  1.9862  1.8124  1.6303  1.2983  1.2545  1.1244
 2.01303E+09  3.7620  3.4622  1.1531  2.6503  2.3843  2.0146  1.8385  1.6542  1.3179  1.2739  1.1431
 2.01371E+09  3.7594  3.4622  1.1428  2.6923  2.4207  2.0452  1.8667  1.6802  1.3397  1.2951  1.1621
 2.01436E+09  3.7571  3.4628  1.1329  2.7311  2.4555  2.0753  1.8944  1.7060  1.3620  1.3165  1.1812
 2.01506E+09  3.7546  3.4631  1.1229  2.7710  2.4908  2.1055  1.9223  1.7320  1.3841  1.3378  1.2001
 2.01579E+09  3.7521  3.4630  1.1128  2.8130  2.5272  2.1363  1.9505  1.7581  1.4062  1.3591  1.2191
 2.01661E+09  3.7493  3.4619  1.1027  2.8568  2.5648  2.1677  1.9790  1.7843  1.4280  1.3800  1.2376
 2.01761E+09  3.7461  3.4590  1.0928  2.9039  2.6044  2.1999  2.0080  1.8105  1.4491  1.4001  1.2548
 2.01927E+09  3.7412  3.4494  1.0828  2.9635  2.6522  2.2364  2.0394  1.8378  1.4686  1.4181  1.2684
 2.02130E+09  3.7362  3.4300  1.0821  3.0014  2.6783  2.2512  2.0488  1.8429  1.4657  1.4136  1.2595
 2.02340E+09  3.7321  3.4035  1.0923  3.0060  2.6735  2.2372  2.0305  1.8210  1.4374  1.3839  1.2261
 2.02474E+09  3.7299  3.3846  1.1023  2.9974  2.6598  2.2185  2.0095  1.7981  1.4109  1.3567  1.1970
 2.02584E+09  3.7283  3.3682  1.1124  2.9841  2.6428  2.1980  1.9872  1.7745  1.3847  1.3300  1.1689
 2.02686E+09  3.7270  3.3528  1.1226  2.9686  2.6243  2.1765  1.9643  1.7505  1.3586  1.3034  1.1412
 2.02780E+09  3.7259  3.3383  1.1326  2.9520  2.6050  2.1548  1.9414  1.7266  1.3329  1.2774  1.1141
 2.02871E+09  3.7249  3.3242  1.1427  2.9344  2.5851  2.1326  1.9182  1.7025  1.3072  1.2513  1.0872
 2.02958E+09  3.7240  3.3106  1.1528  2.9162  2.5648  2.1104  1.8949  1.6786  1.2817  1.2256  1.0606
 2.03044E+09  3.7232  3.2973  1.1628  2.8976  2.5443  2.0880  1.8716  1.6545  1.2563  1.1999  1.0341
 2.03129E+09  3.7224  3.2840  1.1729  2.8784  2.5232  2.0651  1.8479  1.6301  1.2306  1.1739  1.0074
 2.03213E+09  3.7217  3.2711  1.1830  2.8592  2.5022  2.0424  1.8243  1.6059  1.2051  1.1482  0.9810
 2.03297E+09  3.7210  3.2582  1.1931  2.8395  2.4809  2.0194  1.8006  1.5815  1.1795  1.1224  0.9545
 2.03381E+09  3.7203  3.2453  1.2033  2.8195  2.4592  1.9962  1.7766  1.5569  1.1539  1.0965  0.9279
 2.03464E+09  3.7197  3.2326  1.2135  2.7993  2.4374  1.9729  1.7526  1.5323  1.1281  1.0706  0.9014
 2.03546E+09  3.7191  3.2201  1.2235  2.7792  2.4159  1.9499  1.7289  1.5081  1.1029  1.0451  0.8754
 2.03630E+09  3.7184  3.2075  1.2336  2.7589  2.3940  1.9266  1.7049  1.4835  1.0773  1.0193  0.8489
 2.03714E+09  3.7178  3.1950  1.2438  2.7383  2.3720  1.9032  1.6808  1.4589  1.0516  0.9934  0.8225
 2.03798E+09  3.7173  3.1826  1.2540  2.7178  2.3500  1.8799  1.6568  1.4344  1.0261  0.9677  0.7962
 2.03881E+09  3.7167  3.1702  1.2641  2.6972  2.3280  1.8565  1.6328  1.4099  1.0006  0.9420  0.7700
 2.03965E+09  3.7162  3.1580  1.2741  2.6766  2.3061  1.8333  1.6090  1.3855  0.9753  0.9166  0.7440
 2.04049E+09  3.7156  3.1458  1.2842  2.6560  2.2841  1.8101  1.5851  1.3612  0.9500  0.8911  0.7181
 2.04133E+09  3.7151  3.1337  1.2942  2.6353  2.2622  1.7869  1.5613  1.3369  0.9249  0.8658  0.6923
 2.04218E+09  3.7146  3.1214  1.3044  2.6143  2.2399  1.7634  1.5372  1.3123  0.8994  0.8401  0.6661
 2.04304E+09  3.7141  3.1092  1.3145  2.5933  2.2176  1.7399  1.5132  1.2878  0.8740  0.8145  0.6401
 2.04389E+09  3.7136  3.0971  1.3246  2.5723  2.1954  1.7166  1.4892  1.2634  0.8486  0.7890  0.6142
 2.04471E+09  3.7134  3.0863  1.3346  2.5488  2.1714  1.6921  1.4646  1.2386  0.8235  0.7638  0.5888
 2.04562E+09  3.7125  3.0728  1.3448  2.5303  2.1509  1.6697  1.4411  1.2144  0.7979  0.7379  0.5622
 2.04650E+09  3.7120  3.0606  1.3550  2.5091  2.1284  1.6461  1.4169  1.1898  0.7724  0.7122  0.5360
 2.04737E+09  3.7115  3.0485  1.3651  2.4879  2.1060  1.6226  1.3929  1.1653  0.7471  0.6867  0.5101
 2.04824E+09  3.7110  3.0364  1.3752  2.4668  2.0837  1.5991  1.3688  1.1408  0.7217  0.6612  0.4842
 2.04912E+09  3.7106  3.0244  1.3853  2.4458  2.0615  1.5758  1.3450  1.1166  0.6966  0.6360  0.4584
 2.04999E+09  3.7101  3.0124  1.3953  2.4250  2.0395  1.5526  1.3212  1.0924  0.6716  0.6108  0.4328
 2.05088E+09  3.7096  3.0002  1.4055  2.4038  2.0171  1.5291  1.2971  1.0678  0.6461  0.5851  0.4067
 2.05177E+09  3.7090  2.9880  1.4156  2.3828  1.9948  1.5057  1.2732  1.0434  0.6209  0.5597  0.3808
 2.05266E+09  3.7085  2.9758  1.4257  2.3620  1.9728  1.4825  1.2494  1.0192  0.5957  0.5343  0.3549
 2.05355E+09  3.7080  2.9638  1.4357  2.3414  1.9509  1.4594  1.2257  0.9950  0.5707  0.5091  0.3292
 2.05444E+09  3.7075  2.9516  1.4458  2.3206  1.9289  1.4363  1.2019  0.9708  0.5456  0.4839  0.3034
 2.05535E+09  3.7070  2.9394  1.4559  2.2997  1.9066  1.4129  1.1779  0.9464  0.5202  0.4583  0.2773
 2.05626E+09  3.7064  2.9271  1.4661  2.2789  1.8845  1.3895  1.1540  0.9220  0.4948  0.4328  0.2512
 2.05717E+09  3.7059  2.9150  1.4762  2.2583  1.8625  1.3663  1.1302  0.8978  0.4697  0.4075  0.2254
 2.05808E+09  3.7054  2.9028  1.4863  2.2376  1.8406  1.3432  1.1065  0.8736  0.4446  0.3821  0.1995
 2.05901E+09  3.7049  2.8905  1.4964  2.2168  1.8185  1.3199  1.0826  0.8492  0.4192  0.3566  0.1734
 2.05993E+09  3.7044  2.8783  1.5066  2.1960  1.7963  1.2965  1.0586  0.8248  0.3939  0.3311  0.1473
 2.06086E+09  3.7038  2.8661  1.5167  2.1755  1.7745  1.2735  1.0349  0.8007  0.3688  0.3058  0.1214
 2.06179E+09  3.7033  2.8539  1.5268  2.1550  1.7526  1.2504  1.0113  0.7766  0.3437  0.2806  0.0957
 2.06271E+09  3.7028  2.8418  1.5368  2.1345  1.7309  1.2275  0.9878  0.7526  0.3188  0.2555  0.0700
 2.06366E+09  3.7023  2.8296  1.5469  2.1140  1.7091  1.2045  0.9641  0.7284  0.2937  0.2302  0.0442
 2.06460E+09  3.7017  2.8175  1.5569  2.0936  1.6874  1.1816  0.9406  0.7044  0.2688  0.2051  0.0185
 2.06556E+09  3.7012  2.8051  1.5671  2.0729  1.6654  1.1584  0.9168  0.6801  0.2436  0.1796 -0.0075
 2.06653E+09  3.7007  2.7929  1.5772  2.0523  1.6435  1.1353  0.8931  0.6559  0.2185  0.1543 -0.0334
 2.06749E+09  3.7001  2.7807  1.5873  2.0318  1.6218  1.1124  0.8695  0.6319  0.1935  0.1291 -0.0591
 2.06845E+09  3.6996  2.7685  1.5973  2.0114  1.6002  1.0896  0.8461  0.6080  0.1687  0.1041 -0.0846
 2.06943E+09  3.6991  2.7562  1.6075  1.9907  1.5782  1.0665  0.8223  0.5838  0.1436  0.0788 -0.1105
 2.07041E+09  3.6985  2.7439  1.6176  1.9698  1.5563  1.0436  0.7987  0.5597  0.1188  0.0537 -0.1362
 2.07139E+09  3.6980  2.7317  1.6277  1.9488  1.5345  1.0208  0.7752  0.5358  0.0941  0.0287 -0.1618
 2.07237E+09  3.6975  2.7195  1.6377  1.9280  1.5128  0.9981  0.7518  0.5119  0.0695  0.0039 -0.1873
 2.07335E+09  3.6969  2.7074  1.6477  1.9072  1.4911  0.9755  0.7285  0.4882  0.0451 -0.0209 -0.2127
 2.07435E+09  3.6964  2.6951  1.6578  1.8862  1.4693  0.9527  0.7050  0.4642  0.0204 -0.0459 -0.2384
 2.07535E+09  3.6958  2.6829  1.6679  1.8654  1.4476  0.9300  0.6816  0.4403 -0.0042 -0.0708 -0.2640
 2.07636E+09  3.6953  2.6705  1.6781  1.8443  1.4256  0.9071  0.6580  0.4162 -0.0290 -0.0959 -0.2898
 2.07738E+09  3.6947  2.6582  1.6882  1.8234  1.4039  0.8844  0.6345  0.3923 -0.0537 -0.1208 -0.3154
 2.07839E+09  3.6942  2.6460  1.6982  1.8027  1.3823  0.8618  0.6113  0.3686 -0.0781 -0.1455 -0.3408
 2.07943E+09  3.6936  2.6337  1.7083  1.7819  1.3606  0.8392  0.5879  0.3448 -0.1027 -0.1705 -0.3665
 2.08048E+09  3.6931  2.6214  1.7185  1.7610  1.3388  0.8164  0.5644  0.3208 -0.1274 -0.1955 -0.3922
 2.08153E+09  3.6926  2.6092  1.7285  1.7404  1.3173  0.7938  0.5411  0.2970 -0.1519 -0.2203 -0.4177
 2.08260E+09  3.6920  2.5968  1.7386  1.7197  1.2957  0.7712  0.5177  0.2732 -0.1765 -0.2452 -0.4433
 2.08367E+09  3.6915  2.5846  1.7486  1.6993  1.2743  0.7488  0.4945  0.2495 -0.2009 -0.2699 -0.4688
 2.08476E+09  3.6909  2.5724  1.7587  1.6788  1.2528  0.7263  0.4712  0.2257 -0.2255 -0.2948 -0.4944
 2.08584E+09  3.6904  2.5602  1.7687  1.6585  1.2314  0.7038  0.4480  0.2021 -0.2499 -0.3196 -0.5199
 2.08695E+09  3.6898  2.5478  1.7789  1.6384  1.2099  0.6811  0.4246  0.1781 -0.2748 -0.3448 -0.5457
 2.08804E+09  3.6893  2.5356  1.7889  1.6188  1.1889  0.6588  0.4015  0.1544 -0.2994 -0.3696 -0.5712
 2.08912E+09  3.6887  2.5233  1.7989  1.5992  1.1678  0.6363  0.3783  0.1307 -0.3242 -0.3946 -0.5968
 2.09021E+09  3.6881  2.5110  1.8091  1.5795  1.1466  0.6137  0.3549  0.1068 -0.3491 -0.4198 -0.6226
 2.09128E+09  3.6876  2.4985  1.8192  1.5599  1.1255  0.5911  0.3315  0.0829 -0.3741 -0.4450 -0.6485
 2.09231E+09  3.6870  2.4862  1.8292  1.5408  1.1047  0.5689  0.3085  0.0593 -0.3988 -0.4699 -0.6740
 2.09333E+09  3.6864  2.4737  1.8394  1.5215  1.0838  0.5464  0.2852  0.0354 -0.4238 -0.4952 -0.7000
 2.09431E+09  3.6858  2.4612  1.8495  1.5025  1.0631  0.5241  0.2621  0.0117 -0.4486 -0.5202 -0.7257
 2.09525E+09  3.6852  2.4488  1.8595  1.4836  1.0425  0.5020  0.2392 -0.0118 -0.4733 -0.5451 -0.7512
 2.09618E+09  3.6846  2.4364  1.8695  1.4649  1.0220  0.4800  0.2163 -0.0352 -0.4979 -0.5700 -0.7767
 2.09711E+09  3.6840  2.4238  1.8797  1.4460  1.0013  0.4576  0.1931 -0.0591 -0.5229 -0.5952 -0.8026
 2.09801E+09  3.6834  2.4112  1.8898  1.4271  0.9806  0.4353  0.1700 -0.0828 -0.5479 -0.6204 -0.8285
 2.09891E+09  3.6828  2.3987  1.8999  1.4086  0.9601  0.4132  0.1470 -0.1064 -0.5727 -0.6454 -0.8541
 2.09980E+09  3.6822  2.3862  1.9099  1.3902  0.9398  0.3913  0.1243 -0.1297 -0.5973 -0.6703 -0.8796
 2.10071E+09  3.6816  2.3737  1.9200  1.3716  0.9194  0.3692  0.1013 -0.1533 -0.6221 -0.6953 -0.9053
 2.10165E+09  3.6810  2.3611  1.9301  1.3529  0.8988  0.3471  0.0784 -0.1769 -0.6469 -0.7203 -0.9309
 2.10265E+09  3.6803  2.3485  1.9402  1.3343  0.8784  0.3250  0.0555 -0.2003 -0.6715 -0.7452 -0.9565
 2.10384E+09  3.6797  2.3361  1.9502  1.3157  0.8580  0.3032  0.0328 -0.2236 -0.6960 -0.7699 -0.9819
 2.10653E+09  3.6797  2.3325  1.9536  1.3081  0.8502  0.2952  0.0247 -0.2318 -0.7044 -0.7783 -0.9904
 2.10755E+09  3.6804  2.3456  1.9434  1.3257  0.8699  0.3167  0.0472 -0.2085 -0.6796 -0.7533 -0.9645
 2.10832E+09  3.6811  2.3584  1.9334  1.3432  0.8895  0.3381  0.0696 -0.1855 -0.6552 -0.7286 -0.9391
 2.10917E+09  3.6818  2.3714  1.9233  1.3607  0.9092  0.3597  0.0922 -0.1622 -0.6304 -0.7036 -0.9133
 2.11143E+09  3.6824  2.3814  1.9158  1.3726  0.9230  0.3751  0.1085 -0.1453 -0.6123 -0.6852 -0.8942
 2.11265E+09  3.6818  2.3687  1.9261  1.3536  0.9021  0.3526  0.0851 -0.1692 -0.6375 -0.7106 -0.9203
 2.11332E+09  3.6812  2.3558  1.9364  1.3347  0.8813  0.3300  0.0616 -0.1933 -0.6629 -0.7362 -0.9466
 2.11391E+09  3.6806  2.3431  1.9465  1.3163  0.8609  0.3081  0.0388 -0.2168 -0.6876 -0.7612 -0.9723
 2.11452E+09  3.6799  2.3302  1.9568  1.2976  0.8403  0.2858  0.0156 -0.2406 -0.7127 -0.7866 -0.9984
 2.11510E+09  3.6793  2.3176  1.9668  1.2793  0.8202  0.2641 -0.0070 -0.2638 -0.7372 -0.8113 -1.0238
 2.11569E+09  3.6786  2.3050  1.9769  1.2610  0.8000  0.2422 -0.0297 -0.2872 -0.7618 -0.8362 -1.0493
 2.11628E+09  3.6780  2.2922  1.9871  1.2427  0.7797  0.2203 -0.0526 -0.3107 -0.7866 -0.8612 -1.0751
 2.11687E+09  3.6773  2.2793  1.9974  1.2242  0.7592  0.1981 -0.0757 -0.3345 -0.8117 -0.8866 -1.1011
 2.11744E+09  3.6767  2.2666  2.0075  1.2062  0.7392  0.1764 -0.0983 -0.3577 -0.8362 -0.9114 -1.1266
 2.11801E+09  3.6760  2.2538  2.0177  1.1879  0.7190  0.1545 -0.1212 -0.3813 -0.8610 -0.9365 -1.1524
 2.11858E+09  3.6753  2.2408  2.0280  1.1696  0.6986  0.1324 -0.1443 -0.4050 -0.8861 -0.9619 -1.1785
 2.11913E+09  3.6747  2.2280  2.0382  1.1515  0.6786  0.1106 -0.1670 -0.4284 -0.9108 -0.9869 -1.2042
 2.11968E+09  3.6740  2.2151  2.0484  1.1335  0.6584  0.0887 -0.1899 -0.4520 -0.9358 -1.0121 -1.2301
 2.12022E+09  3.6734  2.2024  2.0585  1.1157  0.6387  0.0672 -0.2124 -0.4752 -0.9603 -1.0369 -1.2556
 2.12075E+09  3.6727  2.1895  2.0687  1.0978  0.6187  0.0455 -0.2351 -0.4986 -0.9851 -1.0620 -1.2813
 2.12127E+09  3.6721  2.1769  2.0788  1.0804  0.5992  0.0242 -0.2574 -0.5216 -1.0094 -1.0866 -1.3067
 2.12179E+09  3.6714  2.1641  2.0889  1.0629  0.5795  0.0027 -0.2799 -0.5448 -1.0340 -1.1115 -1.3323
 2.12230E+09  3.6707  2.1510  2.0992  1.0451  0.5596 -0.0191 -0.3027 -0.5684 -1.0590 -1.1368 -1.3584
 2.12280E+09  3.6700  2.1382  2.1094  1.0276  0.5400 -0.0405 -0.3252 -0.5915 -1.0835 -1.1616 -1.3839
 2.12330E+09  3.6694  2.1253  2.1196  1.0101  0.5203 -0.0621 -0.3478 -0.6149 -1.1083 -1.1867 -1.4098
 2.12378E+09  3.6687  2.1126  2.1297  0.9929  0.5010 -0.0832 -0.3700 -0.6379 -1.1327 -1.2113 -1.4352
 2.12426E+09  3.6680  2.0997  2.1399  0.9754  0.4814 -0.1047 -0.3926 -0.6611 -1.1573 -1.2362 -1.4609
 2.12475E+09  3.6673  2.0865  2.1502  0.9578  0.4616 -0.1264 -0.4153 -0.6847 -1.1824 -1.2615 -1.4870
 2.12521E+09  3.6667  2.0737  2.1604  0.9407  0.4423 -0.1476 -0.4376 -0.7077 -1.2068 -1.2863 -1.5126
 2.12567E+09  3.6660  2.0607  2.1707  0.9233  0.4227 -0.1691 -0.4602 -0.7311 -1.2317 -1.3114 -1.5385
 2.12612E+09  3.6653  2.0479  2.1807  0.9064  0.4036 -0.1901 -0.4823 -0.7539 -1.2559 -1.3359 -1.5639
 2.12656E+09  3.6646  2.0349  2.1910  0.8892  0.3842 -0.2113 -0.5047 -0.7770 -1.2806 -1.3608 -1.5896
 2.12701E+09  3.6639  2.0217  2.2014  0.8718  0.3645 -0.2329 -0.5274 -0.8005 -1.3056 -1.3861 -1.6157
 2.12744E+09  3.6632  2.0089  2.2115  0.8549  0.3454 -0.2540 -0.5496 -0.8234 -1.3300 -1.4108 -1.6412
 2.12786E+09  3.6625  1.9958  2.2218  0.8379  0.3261 -0.2752 -0.5719 -0.8466 -1.3547 -1.4358 -1.6670
 2.12827E+09  3.6618  1.9829  2.2318  0.8215  0.3074 -0.2958 -0.5937 -0.8692 -1.3788 -1.4602 -1.6922
 2.12868E+09  3.6611  1.9699  2.2420  0.8050  0.2886 -0.3167 -0.6157 -0.8920 -1.4032 -1.4849 -1.7177
 2.12909E+09  3.6604  1.9566  2.2524  0.7882  0.2695 -0.3378 -0.6381 -0.9152 -1.4280 -1.5100 -1.7436
 2.12949E+09  3.6597  1.9437  2.2625  0.7720  0.2509 -0.3584 -0.6598 -0.9377 -1.4522 -1.5344 -1.7688
 2.12988E+09  3.6589  1.9305  2.2727  0.7555  0.2321 -0.3792 -0.6819 -0.9605 -1.4767 -1.5592 -1.7944
 2.13027E+09  3.6582  1.9171  2.2831  0.7390  0.2131 -0.4002 -0.7042 -0.9837 -1.5015 -1.5844 -1.8204
 2.13064E+09  3.6575  1.9041  2.2932  0.7229  0.1947 -0.4206 -0.7258 -1.0061 -1.5256 -1.6088 -1.8457
 2.13102E+09  3.6567  1.8909  2.3035  0.7067  0.1761 -0.4413 -0.7477 -1.0289 -1.5501 -1.6336 -1.8713
 2.13139E+09  3.6560  1.8774  2.3140  0.6903  0.1572 -0.4623 -0.7700 -1.0520 -1.5749 -1.6589 -1.8974
 2.13175E+09  3.6553  1.8644  2.3241  0.6744  0.1390 -0.4825 -0.7915 -1.0744 -1.5990 -1.6833 -1.9226
 2.13211E+09  3.6545  1.8511  2.3344  0.6584  0.1206 -0.5031 -0.8134 -1.0971 -1.6234 -1.7081 -1.9482
 2.13246E+09  3.6538  1.8376  2.3448  0.6422  0.1019 -0.5239 -0.8355 -1.1201 -1.6482 -1.7333 -1.9743
 2.13280E+09  3.6530  1.8243  2.3552  0.6262  0.0835 -0.5444 -0.8573 -1.1428 -1.6727 -1.7582 -2.0000
 2.13313E+09  3.6523  1.8112  2.3653  0.6106  0.0655 -0.5645 -0.8788 -1.1651 -1.6968 -1.7826 -2.0254
 2.13345E+09  3.6515  1.7982  2.3753  0.5955  0.0480 -0.5841 -0.8997 -1.1869 -1.7204 -1.8066 -2.0502
 2.13377E+09  3.6508  1.7849  2.3856  0.5799  0.0299 -0.6044 -0.9213 -1.2094 -1.7448 -1.8314 -2.0759
 2.13408E+09  3.6500  1.7718  2.3958  0.5645  0.0122 -0.6243 -0.9426 -1.2315 -1.7688 -1.8558 -2.1011
 2.13440E+09  3.6493  1.7582  2.4062  0.5488 -0.0061 -0.6447 -0.9644 -1.2543 -1.7935 -1.8808 -2.1271
 2.13471E+09  3.6485  1.7449  2.4165  0.5336 -0.0238 -0.6646 -0.9858 -1.2765 -1.8177 -1.9054 -2.1526
 2.13500E+09  3.6477  1.7318  2.4266  0.5186 -0.0412 -0.6843 -1.0068 -1.2984 -1.8415 -1.9296 -2.1777
 2.13530E+09  3.6470  1.7183  2.4370  0.5032 -0.0591 -0.7044 -1.0283 -1.3209 -1.8660 -1.9544 -2.2034
 2.13559E+09  3.6462  1.7050  2.4472  0.4883 -0.0765 -0.7240 -1.0494 -1.3429 -1.8900 -1.9788 -2.2287
 2.13587E+09  3.6454  1.6920  2.4573  0.4736 -0.0936 -0.7433 -1.0701 -1.3645 -1.9137 -2.0028 -2.2536
 2.13616E+09  3.6447  1.6786  2.4676  0.4586 -0.1111 -0.7631 -1.0913 -1.3867 -1.9379 -2.0273 -2.2791
 2.13643E+09  3.6439  1.6654  2.4777  0.4439 -0.1282 -0.7825 -1.1122 -1.4085 -1.9617 -2.0515 -2.3042
 2.13670E+09  3.6431  1.6519  2.4881  0.4289 -0.1457 -0.8022 -1.1335 -1.4307 -1.9861 -2.0762 -2.3298
 2.13697E+09  3.6424  1.6386  2.4983  0.4144 -0.1627 -0.8215 -1.1543 -1.4524 -2.0099 -2.1004 -2.3550
 2.13723E+09  3.6416  1.6255  2.5084  0.4002 -0.1794 -0.8405 -1.1747 -1.4739 -2.0334 -2.1242 -2.3798
 2.13748E+09  3.6408  1.6121  2.5186  0.3857 -0.1964 -0.8598 -1.1956 -1.4957 -2.0574 -2.1486 -2.4052
 2.13773E+09  3.6401  1.5989  2.5288  0.3715 -0.2130 -0.8787 -1.2161 -1.5172 -2.0810 -2.1725 -2.4301
 2.13798E+09  3.6393  1.5854  2.5391  0.3570 -0.2300 -0.8980 -1.2370 -1.5390 -2.1050 -2.1970 -2.4555
 2.13823E+09  3.6385  1.5722  2.5492  0.3429 -0.2466 -0.9170 -1.2575 -1.5605 -2.1286 -2.2210 -2.4805
 2.13846E+09  3.6377  1.5591  2.5592  0.3293 -0.2627 -0.9354 -1.2775 -1.5815 -2.1518 -2.2445 -2.5050
 2.13870E+09  3.6370  1.5458  2.5694  0.3154 -0.2792 -0.9542 -1.2979 -1.6029 -2.1754 -2.2685 -2.5300
 2.13893E+09  3.6362  1.5327  2.5794  0.3018 -0.2953 -0.9726 -1.3179 -1.6239 -2.1986 -2.2921 -2.5546
 2.13915E+09  3.6354  1.5193  2.5896  0.2881 -0.3116 -0.9913 -1.3383 -1.6452 -2.2222 -2.3162 -2.5797
 2.13937E+09  3.6346  1.5062  2.5997  0.2747 -0.3274 -1.0096 -1.3582 -1.6661 -2.2454 -2.3398 -2.6043
 2.13959E+09  3.6338  1.4928  2.6099  0.2613 -0.3435 -1.0281 -1.3783 -1.6873 -2.2689 -2.3637 -2.6293
 2.13981E+09  3.6330  1.4796  2.6199  0.2483 -0.3591 -1.0461 -1.3980 -1.7081 -2.2919 -2.3872 -2.6539
 2.14002E+09  3.6322  1.4661  2.6301  0.2354 -0.3747 -1.0643 -1.4179 -1.7290 -2.3153 -2.4111 -2.6788
 2.14023E+09  3.6314  1.4528  2.6402  0.2227 -0.3901 -1.0822 -1.4375 -1.7496 -2.3383 -2.4345 -2.7033
 2.14043E+09  3.6306  1.4394  2.6503  0.2098 -0.4057 -1.1003 -1.4573 -1.7705 -2.3617 -2.4583 -2.7281
 2.14063E+09  3.6298  1.4262  2.6603  0.1973 -0.4208 -1.1179 -1.4767 -1.7909 -2.3845 -2.4816 -2.7525
 2.14083E+09  3.6290  1.4127  2.6705  0.1848 -0.4360 -1.1357 -1.4963 -1.8116 -2.4077 -2.5052 -2.7772
 2.14103E+09  3.6281  1.3991  2.6808  0.1723 -0.4513 -1.1536 -1.5160 -1.8324 -2.4311 -2.5291 -2.8022
 2.14122E+09  3.6273  1.3857  2.6909  0.1600 -0.4663 -1.1712 -1.5354 -1.8528 -2.4541 -2.5525 -2.8268
 2.14141E+09  3.6265  1.3722  2.7011  0.1476 -0.4814 -1.1889 -1.5549 -1.8734 -2.4774 -2.5763 -2.8517
 2.14160E+09  3.6256  1.3589  2.7111  0.1356 -0.4960 -1.2062 -1.5740 -1.8936 -2.5002 -2.5995 -2.8761
 2.14178E+09  3.6248  1.3454  2.7213  0.1235 -0.5108 -1.2236 -1.5932 -1.9140 -2.5232 -2.6230 -2.9007
 2.14196E+09  3.6240  1.3318  2.7315  0.1115 -0.5255 -1.2410 -1.6125 -1.9344 -2.5464 -2.6467 -2.9256
 2.14214E+09  3.6231  1.3183  2.7416  0.0998 -0.5399 -1.2580 -1.6315 -1.9544 -2.5692 -2.6699 -2.9500
 2.14231E+09  3.6223  1.3048  2.7518  0.0879 -0.5544 -1.2752 -1.6505 -1.9746 -2.5921 -2.6933 -2.9746
 2.14249E+09  3.6215  1.2912  2.7620  0.0758 -0.5691 -1.2926 -1.6698 -1.9950 -2.6152 -2.7169 -2.9993
 2.14265E+09  3.6206  1.2778  2.7721  0.0644 -0.5832 -1.3093 -1.6885 -2.0147 -2.6378 -2.7400 -3.0236
 2.14282E+09  3.6198  1.2643  2.7823  0.0528 -0.5974 -1.3262 -1.7073 -2.0347 -2.6606 -2.7632 -3.0481
 2.14298E+09  3.6189  1.2506  2.7925  0.0413 -0.6115 -1.3430 -1.7261 -2.0546 -2.6835 -2.7866 -3.0727
 2.14314E+09  3.6181  1.2373  2.8025  0.0302 -0.6253 -1.3595 -1.7445 -2.0742 -2.7060 -2.8096 -3.0969
 2.14330E+09  3.6173  1.2238  2.8127  0.0188 -0.6393 -1.3761 -1.7631 -2.0938 -2.7286 -2.8327 -3.1212
 2.14346E+09  3.6164  1.2102  2.8228  0.0077 -0.6530 -1.3926 -1.7815 -2.1134 -2.7513 -2.8559 -3.1456
 2.14361E+09  3.6156  1.1966  2.8331 -0.0034 -0.6668 -1.4092 -1.8001 -2.1331 -2.7742 -2.8792 -3.1702
 2.14376E+09  3.6147  1.1833  2.8431 -0.0143 -0.6803 -1.4254 -1.8182 -2.1523 -2.7965 -2.9020 -3.1943
 2.14391E+09  3.6139  1.1698  2.8532 -0.0251 -0.6937 -1.4415 -1.8363 -2.1716 -2.8190 -2.9249 -3.2184
 2.14406E+09  3.6130  1.1563  2.8633 -0.0358 -0.7070 -1.4576 -1.8543 -2.1907 -2.8415 -2.9479 -3.2427
 2.14420E+09  3.6122  1.1428  2.8735 -0.0464 -0.7203 -1.4736 -1.8724 -2.2100 -2.8640 -2.9710 -3.2671
 2.14434E+09  3.6113  1.1291  2.8837 -0.0571 -0.7336 -1.4897 -1.8906 -2.2292 -2.8867 -2.9942 -3.2916
 2.14448E+09  3.6105  1.1158  2.8937 -0.0674 -0.7465 -1.5053 -1.9082 -2.2480 -2.9088 -3.0169 -3.3156
 2.14462E+09  3.6097  1.1024  2.9037 -0.0776 -0.7593 -1.5209 -1.9258 -2.2667 -2.9310 -3.0396 -3.3397
 2.14475E+09  3.6088  1.0890  2.9138 -0.0879 -0.7721 -1.5365 -1.9434 -2.2854 -2.9532 -3.0624 -3.3638
 2.14488E+09  3.6080  1.0755  2.9238 -0.0979 -0.7846 -1.5519 -1.9608 -2.3039 -2.9754 -3.0851 -3.3880
 2.14501E+09  3.6071  1.0620  2.9339 -0.1078 -0.7971 -1.5672 -1.9781 -2.3223 -2.9975 -3.1078 -3.4121
 2.14514E+09  3.6063  1.0485  2.9440 -0.1177 -0.8095 -1.5824 -1.9953 -2.3407 -3.0197 -3.1305 -3.4363
 2.14527E+09  3.6054  1.0351  2.9541 -0.1277 -0.8220 -1.5977 -2.0126 -2.3590 -3.0418 -3.1533 -3.4605
 2.14539E+09  3.6046  1.0216  2.9642 -0.1372 -0.8340 -1.6126 -2.0295 -2.3771 -3.0638 -3.1759 -3.4846
 2.14551E+09  3.6037  1.0081  2.9743 -0.1468 -0.8461 -1.6275 -2.0464 -2.3950 -3.0857 -3.1985 -3.5086
 2.14563E+09  3.6029  0.9946  2.9843 -0.1561 -0.8580 -1.6422 -2.0632 -2.4129 -3.1076 -3.2210 -3.5327
 2.14575E+09  3.6020  0.9810  2.9944 -0.1652 -0.8696 -1.6567 -2.0797 -2.4305 -3.1294 -3.2435 -3.5567
 2.14587E+09  3.6011  0.9674  3.0045 -0.1740 -0.8810 -1.6710 -2.0961 -2.4480 -3.1511 -3.2659 -3.5807
 2.14598E+09  3.6002  0.9538  3.0146 -0.1828 -0.8925 -1.6853 -2.1124 -2.4654 -3.1728 -3.2882 -3.6045
 2.14610E+09  3.5994  0.9403  3.0246 -0.1913 -0.9036 -1.6993 -2.1284 -2.4825 -3.1943 -3.3105 -3.6283
 2.14621E+09  3.5985  0.9268  3.0346 -0.1998 -0.9147 -1.7133 -2.1444 -2.4995 -3.2158 -3.3326 -3.6521
 2.14632E+09  3.5976  0.9131  3.0447 -0.2082 -0.9257 -1.7272 -2.1603 -2.5165 -3.2374 -3.3549 -3.6761
 2.14643E+09  3.5967  0.8994  3.0548 -0.2163 -0.9364 -1.7408 -2.1760 -2.5333 -3.2589 -3.3772 -3.7000
 2.14653E+09  3.5958  0.8859  3.0649 -0.2244 -0.9471 -1.7544 -2.1915 -2.5499 -3.2803 -3.3993 -3.7237
 2.14664E+09  3.5950  0.8724  3.0749 -0.2325 -0.9577 -1.7678 -2.2069 -2.5663 -3.3017 -3.4213 -3.7475
 2.14674E+09  3.5941  0.8587  3.0850 -0.2405 -0.9683 -1.7812 -2.2222 -2.5827 -3.3231 -3.4435 -3.7714
 2.14684E+09  3.5932  0.8451  3.0951 -0.2481 -0.9785 -1.7942 -2.2372 -2.5986 -3.3443 -3.4655 -3.7952
 2.14695E+09  3.5923  0.8316  3.1050 -0.2554 -0.9883 -1.8070 -2.2518 -2.6142 -3.3654 -3.4873 -3.8188
 2.14704E+09  3.5914  0.8179  3.1151 -0.2628 -0.9983 -1.8197 -2.2665 -2.6299 -3.3866 -3.5093 -3.8426
 2.14714E+09  3.5905  0.8044  3.1251 -0.2697 -1.0077 -1.8321 -2.2807 -2.6451 -3.4076 -3.5311 -3.8663
 2.14724E+09  3.5896  0.7907  3.1352 -0.2765 -1.0171 -1.8445 -2.2950 -2.6603 -3.4287 -3.5531 -3.8902
 2.14733E+09  3.5887  0.7771  3.1452 -0.2832 -1.0264 -1.8566 -2.3089 -2.6751 -3.4495 -3.5748 -3.9139
 2.14743E+09  3.5878  0.7634  3.1553 -0.2896 -1.0354 -1.8685 -2.3226 -2.6897 -3.4704 -3.5966 -3.9377
 2.14752E+09  3.5869  0.7497  3.1654 -0.2958 -1.0442 -1.8802 -2.3361 -2.7041 -3.4912 -3.6184 -3.9615
 2.14761E+09  3.5860  0.7361  3.1754 -0.3018 -1.0527 -1.8916 -2.3492 -2.7181 -3.5119 -3.6400 -3.9851
 2.14770E+09  3.5851  0.7224  3.1854 -0.3075 -1.0609 -1.9028 -2.3621 -2.7318 -3.5324 -3.6615 -4.0087
 2.14779E+09  3.5842  0.7088  3.1955 -0.3132 -1.0692 -1.9139 -2.3749 -2.7454 -3.5530 -3.6831 -4.0324
 2.14788E+09  3.5833  0.6950  3.2055 -0.3185 -1.0770 -1.9246 -2.3872 -2.7585 -3.5734 -3.7047 -4.0561
 2.14797E+09  3.5824  0.6813  3.2156 -0.3236 -1.0847 -1.9351 -2.3993 -2.7714 -3.5939 -3.7262 -4.0799
 2.14805E+09  3.5814  0.6675  3.2257 -0.3286 -1.0922 -1.9454 -2.4112 -2.7841 -3.6143 -3.7477 -4.1036
 2.14814E+09  3.5805  0.6537  3.2358 -0.3334 -1.0995 -1.9555 -2.4228 -2.7963 -3.6345 -3.7691 -4.1273
 2.14822E+09  3.5796  0.6400  3.2458 -0.3378 -1.1063 -1.9651 -2.4339 -2.8082 -3.6546 -3.7903 -4.1508
 2.14830E+09  3.5787  0.6263  3.2559 -0.3422 -1.1132 -1.9747 -2.4450 -2.8199 -3.6746 -3.8115 -4.1743
 2.14838E+09  3.5778  0.6126  3.2659 -0.3468 -1.1201 -1.9844 -2.4561 -2.8316 -3.6946 -3.8327 -4.1979
 2.14847E+09  3.5768  0.5988  3.2760 -0.3506 -1.1262 -1.9933 -2.4663 -2.8425 -3.7144 -3.8538 -4.2215
 2.14855E+09  3.5759  0.5851  3.2860 -0.3545 -1.1324 -2.0021 -2.4765 -2.8532 -3.7342 -3.8747 -4.2449
 2.14863E+09  3.5749  0.5712  3.2961 -0.3575 -1.1379 -2.0102 -2.4859 -2.8631 -3.7538 -3.8957 -4.2685
 2.14871E+09  3.5740  0.5575  3.3061 -0.3612 -1.1438 -2.0187 -2.4955 -2.8733 -3.7734 -3.9166 -4.2920
 2.14881E+09  3.5732  0.5450  3.3151 -0.3639 -1.1485 -2.0257 -2.5035 -2.8816 -3.7909 -3.9353 -4.3132
