#ID x y mag e_mag col1 e_col1 memb_prob sel
30.000000 69.415525 -66.194131  18.8980   0.0030   0.8830   0.0042   1.0000      1
34.000000 69.418576 -66.196447  18.9110   0.0040   0.8860   0.0050   1.0000      1
24.000000 69.412262 -66.199471  18.9290   0.0040   1.0940   0.0050   1.0000      1
27.000000 69.418268 -66.198531  18.9530   0.0040   1.0840   0.0050   1.0000      1
31.000000 69.415503 -66.198096  19.0060   0.0040   1.0840   0.0050   1.0000      1
45.000000 69.418061 -66.196529  19.0600   0.0040   0.9810   0.0050   1.0000      1
47.000000 69.419362 -66.198766  19.0620   0.0040   0.9780   0.0050   1.0000      1
50.000000 69.412966 -66.200128  19.0820   0.0040   0.9640   0.0050   1.0000      1
54.000000 69.419268 -66.201546  19.1010   0.0040   0.9610   0.0050   1.0000      1
72.000000 69.415059 -66.198354  19.1910   0.0040   0.9500   0.0050   1.0000      1
93.000000 69.422282 -66.197394  19.3270   0.0040   0.9470   0.0050   1.0000      1
92.000000 69.415181 -66.200060  19.3380   0.0040   0.9760   0.0057   1.0000      1
25.000000 69.418795 -66.198064  18.9450   0.0050   1.0920   0.0058   1.0000      1
35.000000 69.413854 -66.200073  19.0250   0.0050   1.0840   0.0058   1.0000      1
74.000000 69.413097 -66.197236  19.1470   0.0050   0.8600   0.0058   1.0000      1
65.000000 69.417943 -66.198643  19.1730   0.0050   0.9620   0.0058   1.0000      1
73.000000 69.411523 -66.201608  19.1980   0.0050   0.9590   0.0058   1.0000      1
79.000000 69.418528 -66.199715  19.2410   0.0050   0.9520   0.0058   1.0000      1
83.000000 69.419792 -66.197001  19.2690   0.0050   0.9870   0.0058   1.0000      1
88.000000 69.417666 -66.198885  19.3010   0.0050   0.9490   0.0064   1.0000      1
97.000000 69.420781 -66.198660  19.3630   0.0050   0.9340   0.0064   1.0000      1
100.000000 69.413358 -66.199585  19.3880   0.0050   0.9420   0.0064   1.0000      1
108.000000 69.409540 -66.199097  19.4300   0.0050   0.9060   0.0064   1.0000      1
116.000000 69.412613 -66.197568  19.6110   0.0050   0.9160   0.0064   1.0000      1
117.000000 69.418191 -66.199967  19.6270   0.0050   0.9400   0.0064   1.0000      1
118.000000 69.417949 -66.198920  19.5850   0.0050   0.9220   0.0071   1.0000      1
119.000000 69.416335 -66.199475  19.5970   0.0050   0.9420   0.0071   1.0000      1
151.000000 69.421476 -66.197644  19.9010   0.0050   0.3180   0.0078   1.0000      1
152.000000 69.415761 -66.196753  19.9590   0.0050   0.4320   0.0078   1.0000      1
162.000000 69.411656 -66.199778  19.9780   0.0050   0.3940   0.0086   1.0000      1
82.000000 69.413909 -66.198884  19.1860   0.0060   0.8650   0.0067   1.0000      1
86.000000 69.409265 -66.196543  19.2750   0.0060   0.9660   0.0067   1.0000      1
87.000000 69.413160 -66.200097  19.3030   0.0060   0.9960   0.0067   1.0000      1
157.000000 69.418338 -66.197964  19.9310   0.0060   0.2940   0.0085   1.0000      1
163.000000 69.417304 -66.203516  20.0430   0.0060   0.4490   0.0085   1.0000      1
161.000000 69.416395 -66.198672  19.9370   0.0060   0.2940   0.0092   1.0000      1
165.000000 69.417737 -66.199580  20.0000   0.0060   0.3170   0.0092   1.0000      1
171.000000 69.415650 -66.197301  20.0620   0.0060   0.3150   0.0092   1.0000      1
175.000000 69.418806 -66.199363  20.0710   0.0060   0.3110   0.0092   1.0000      1
184.000000 69.410059 -66.199621  20.0750   0.0060   0.2850   0.0092   1.0000      1
172.000000 69.418093 -66.199385  20.0890   0.0060   0.3610   0.0092   1.0000      1
204.000000 69.412268 -66.202131  20.1530   0.0060   0.2490   0.0092   1.0000      1
215.000000 69.412570 -66.199540  20.2550   0.0060   0.3180   0.0092   1.0000      1
213.000000 69.415929 -66.201469  20.2690   0.0060   0.3890   0.0092   1.0000      1
208.000000 69.422600 -66.198914  20.1940   0.0060   0.3000   0.0100   1.0000      1
214.000000 69.420893 -66.197121  20.2140   0.0060   0.2850   0.0100   1.0000      1
225.000000 69.414589 -66.198467  20.2380   0.0060   0.2110   0.0100   1.0000      1
89.000000 69.417677 -66.198445  19.3030   0.0070   0.9550   0.0081   1.0000      1
159.000000 69.416452 -66.197239  19.9110   0.0070   0.2640   0.0092   1.0000      1
146.000000 69.414124 -66.199708  19.9310   0.0070   0.4690   0.0092   1.0000      1
155.000000 69.416564 -66.193171  19.9780   0.0070   0.4180   0.0092   1.0000      1
169.000000 69.412342 -66.199710  20.0830   0.0070   0.4400   0.0092   1.0000      1
160.000000 69.416993 -66.198325  19.9810   0.0070   0.4130   0.0099   1.0000      1
178.000000 69.420300 -66.194002  20.0780   0.0070   0.3130   0.0099   1.0000      1
181.000000 69.416381 -66.199211  20.0920   0.0070   0.3360   0.0099   1.0000      1
182.000000 69.415352 -66.195846  20.1480   0.0070   0.4550   0.0099   1.0000      1
210.000000 69.416009 -66.196944  20.2370   0.0070   0.3640   0.0099   1.0000      1
212.000000 69.413221 -66.199732  20.2690   0.0070   0.4010   0.0099   1.0000      1
216.000000 69.416328 -66.196548  20.3180   0.0070   0.4640   0.0099   1.0000      1
198.000000 69.415785 -66.197237  20.1460   0.0070   0.3020   0.0106   1.0000      1
221.000000 69.417137 -66.198339  20.2730   0.0070   0.3280   0.0106   1.0000      1
240.000000 69.409575 -66.200508  20.3240   0.0070   0.3040   0.0106   1.0000      1
253.000000 69.420196 -66.197109  20.3600   0.0070   0.2990   0.0106   1.0000      1
302.000000 69.416963 -66.199294  20.5520   0.0070   0.3760   0.0106   1.0000      1
261.000000 69.419874 -66.194279  20.3580   0.0070   0.2830   0.0114   1.0000      1
293.000000 69.420546 -66.200438  20.4910   0.0070   0.2810   0.0114   1.0000      1
227.000000 69.416284 -66.201405  20.2880   0.0080   0.3290   0.0106   1.0000      1
224.000000 69.409410 -66.201003  20.3590   0.0080   0.4500   0.0106   1.0000      1
247.000000 69.421125 -66.201293  20.4270   0.0080   0.4480   0.0106   1.0000      1
232.000000 69.413459 -66.196818  20.3010   0.0080   0.3150   0.0113   1.0000      1
257.000000 69.415336 -66.200983  20.3390   0.0080   0.2090   0.0113   1.0000      1
254.000000 69.417820 -66.199082  20.3620   0.0080   0.2840   0.0113   1.0000      1
264.000000 69.411024 -66.197021  20.3920   0.0080   0.2950   0.0113   1.0000      1
267.000000 69.417980 -66.201475  20.4630   0.0080   0.4070   0.0113   1.0000      1
296.000000 69.418357 -66.199061  20.5380   0.0080   0.3890   0.0113   1.0000      1
314.000000 69.416535 -66.199803  20.5770   0.0080   0.3690   0.0113   1.0000      1
352.000000 69.415627 -66.195889  20.6840   0.0080   0.3400   0.0120   1.0000      1
363.000000 69.422533 -66.200906  20.7010   0.0080   0.3100   0.0120   1.0000      1
343.000000 69.415831 -66.197996  20.7090   0.0080   0.4510   0.0120   1.0000      1
411.000000 69.417277 -66.194225  20.8610   0.0080   0.4190   0.0120   1.0000      1
355.000000 69.415399 -66.197502  20.6890   0.0080   0.3140   0.0128   1.0000      1
448.000000 69.415166 -66.198884  20.8800   0.0080   0.2580   0.0128   1.0000      1
313.000000 69.413067 -66.198686  20.5670   0.0090   0.3500   0.0120   1.0000      1
317.000000 69.416557 -66.192391  20.5910   0.0090   0.3810   0.0120   1.0000      1
324.000000 69.418764 -66.192689  20.6010   0.0090   0.3620   0.0120   1.0000      1
319.000000 69.411341 -66.203323  20.6250   0.0090   0.4470   0.0120   1.0000      1
581.000000 69.415458 -66.199519  21.2670   0.0100   0.4860   0.0149   1.0000      1
5.000000 69.416967 -66.197921  18.1050   0.0020   0.7580   0.0028   0.9990      1
1.000000 69.419700 -66.195605  18.2000   0.0030   1.1980   0.0036   0.9990      1
3.000000 69.415194 -66.199363  18.2610   0.0030   1.1860   0.0036   0.9990      1
7.000000 69.416969 -66.196633  18.2670   0.0030   0.8990   0.0036   0.9990      1
4.000000 69.421150 -66.198289  18.3200   0.0030   1.1700   0.0036   0.9990      1
9.000000 69.416613 -66.198883  18.3930   0.0030   1.0580   0.0036   0.9990      1
11.000000 69.414702 -66.196744  18.4500   0.0030   1.1160   0.0036   0.9990      1
8.000000 69.414644 -66.199965  18.4990   0.0030   1.1200   0.0036   0.9990      1
17.000000 69.417468 -66.201453  18.7450   0.0030   1.1040   0.0036   0.9990      1
22.000000 69.416037 -66.198888  18.7650   0.0040   0.8450   0.0050   0.9990      1
41.000000 69.417735 -66.198194  19.0620   0.0040   1.0640   0.0050   0.9990      1
38.000000 69.418785 -66.199957  18.9130   0.0040   0.8160   0.0057   0.9990      1
84.000000 69.417177 -66.197206  19.0840   0.0040   0.6460   0.0057   0.9990      1
81.000000 69.411048 -66.200808  19.2390   0.0050   0.9680   0.0058   0.9990      1
78.000000 69.415845 -66.201055  19.2180   0.0050   0.9460   0.0064   0.9990      1
99.000000 69.416582 -66.196816  19.3060   0.0050   0.8120   0.0064   0.9990      1
127.000000 69.414500 -66.199650  19.5320   0.0050   0.2640   0.0071   0.9990      1
137.000000 69.419728 -66.200545  19.8520   0.0050   0.5480   0.0078   0.9990      1
125.000000 69.415152 -66.198572  19.5520   0.0060   0.5300   0.0078   0.9990      1
130.000000 69.414731 -66.199064  19.9220   0.0060   0.9630   0.0078   0.9990      1
143.000000 69.421363 -66.198812  19.7310   0.0060   0.0550   0.0085   0.9990      1
150.000000 69.418955 -66.200565  20.0510   0.0060   0.6450   0.0085   0.9990      1
142.000000 69.410434 -66.196426  20.0640   0.0060   0.9130   0.0085   0.9990      1
218.000000 69.416382 -66.195624  20.1790   0.0060   0.1130   0.0100   0.9990      1
131.000000 69.418104 -66.199476  19.8010   0.0070   0.7250   0.0086   0.9990      1
133.000000 69.415228 -66.200296  19.7140   0.0070   0.3930   0.0092   0.9990      1
183.000000 69.422517 -66.198216  20.4170   0.0070   0.9540   0.0092   0.9990      1
228.000000 69.422442 -66.196190  20.5590   0.0070   0.8760   0.0092   0.9990      1
199.000000 69.421914 -66.197329  20.0660   0.0070   0.0920   0.0099   0.9990      1
170.000000 69.418805 -66.199876  20.1090   0.0070   0.4480   0.0099   0.9990      1
205.000000 69.416839 -66.198195  20.2100   0.0070   0.3750   0.0099   0.9990      1
222.000000 69.418424 -66.198776  20.3480   0.0070   0.4810   0.0099   0.9990      1
311.000000 69.417802 -66.195635  20.5580   0.0070   0.3380   0.0106   0.9990      1
299.000000 69.417257 -66.196473  20.5320   0.0070   0.3900   0.0114   0.9990      1
301.000000 69.420829 -66.197524  20.5400   0.0070   0.3720   0.0114   0.9990      1
223.000000 69.420361 -66.195422  20.2950   0.0080   0.3710   0.0106   0.9990      1
298.000000 69.417623 -66.198315  20.4940   0.0080   0.2820   0.0120   0.9990      1
342.000000 69.416643 -66.198386  20.6540   0.0080   0.3330   0.0120   0.9990      1
360.000000 69.411840 -66.197781  20.6900   0.0080   0.2960   0.0120   0.9990      1
420.000000 69.418438 -66.202168  20.8730   0.0090   0.4070   0.0127   0.9990      1
466.000000 69.420278 -66.196341  21.0090   0.0090   0.4530   0.0135   0.9990      1
414.000000 69.417531 -66.198505  20.7990   0.0090   0.2450   0.0142   0.9990      1
502.000000 69.413011 -66.196765  20.9760   0.0090   0.1770   0.0142   0.9990      1
485.000000 69.417056 -66.197372  21.0450   0.0090   0.4200   0.0142   0.9990      1
497.000000 69.416043 -66.199653  21.0450   0.0090   0.4070   0.0150   0.9990      1
347.000000 69.412848 -66.196176  20.6660   0.0100   0.3260   0.0135   0.9990      1
349.000000 69.416159 -66.197143  20.6710   0.0100   0.3180   0.0135   0.9990      1
434.000000 69.417742 -66.197825  20.8550   0.0100   0.2770   0.0141   0.9990      1
540.000000 69.418938 -66.198101  21.1740   0.0100   0.4300   0.0156   0.9990      1
482.000000 69.415336 -66.199724  21.0440   0.0110   0.4230   0.0156   0.9990      1
771.000000 69.419784 -66.198268  21.5940   0.0120   0.5120   0.0177   0.9990      1
817.000000 69.412139 -66.197381  21.6340   0.0120   0.4980   0.0225   0.9990      1
804.000000 69.415691 -66.197861  21.6600   0.0130   0.5290   0.0191   0.9990      1
720.000000 69.413193 -66.197571  21.4610   0.0130   0.4510   0.0198   0.9990      1
562.000000 69.410161 -66.202335  22.9800   0.0340   2.8380   0.0352   0.9990      1
26.000000 69.421253 -66.194911  18.9180   0.0040   1.0260   0.0050   0.9980      1
57.000000 69.417339 -66.197308  19.1860   0.0050   1.0800   0.0058   0.9980      1
105.000000 69.414270 -66.200989  19.4320   0.0050   0.9350   0.0064   0.9980      1
135.000000 69.418565 -66.198642  20.0330   0.0060   0.9440   0.0078   0.9980      1
188.000000 69.416847 -66.198682  20.1410   0.0060   0.4030   0.0092   0.9980      1
226.000000 69.413147 -66.197148  20.3120   0.0060   0.3920   0.0092   0.9980      1
303.000000 69.414861 -66.199979  20.5250   0.0070   0.3090   0.0114   0.9980      1
251.000000 69.419562 -66.199455  20.4020   0.0080   0.4080   0.0113   0.9980      1
287.000000 69.415098 -66.197108  20.4930   0.0080   0.3220   0.0113   0.9980      1
248.000000 69.414088 -66.199001  20.3530   0.0080   0.3460   0.0120   0.9980      1
329.000000 69.416482 -66.198072  20.5730   0.0080   0.2710   0.0120   0.9980      1
366.000000 69.418289 -66.198830  20.7510   0.0080   0.4420   0.0128   0.9980      1
378.000000 69.416376 -66.197670  20.8400   0.0080   0.6410   0.0136   0.9980      1
286.000000 69.412781 -66.199458  20.4860   0.0090   0.3140   0.0127   0.9980      1
535.000000 69.419639 -66.197198  21.1040   0.0090   0.3030   0.0150   0.9980      1
509.000000 69.415696 -66.196246  21.0310   0.0090   0.3010   0.0158   0.9980      1
498.000000 69.421899 -66.201177  21.0510   0.0110   0.3830   0.0149   0.9980      1
537.000000 69.417813 -66.194982  21.1180   0.0110   0.3300   0.0156   0.9980      1
628.000000 69.419893 -66.198154  21.3150   0.0110   0.4330   0.0163   0.9980      1
690.000000 69.414754 -66.203657  21.3820   0.0110   0.3500   0.0163   0.9980      1
692.000000 69.421264 -66.198974  21.3830   0.0110   0.3500   0.0163   0.9980      1
654.000000 69.416694 -66.199521  21.3470   0.0110   0.4330   0.0178   0.9980      1
695.000000 69.415832 -66.197122  21.3850   0.0120   0.3400   0.0177   0.9980      1
701.000000 69.415764 -66.199441  21.4530   0.0140   0.4680   0.0191   0.9980      1
23.000000 69.420272 -66.198769  18.8280   0.0040   0.9450   0.0050   0.9970      1
43.000000 69.415268 -66.199101  19.0510   0.0040   0.9860   0.0050   0.9970      1
63.000000 69.415499 -66.198381  19.1590   0.0050   0.9880   0.0058   0.9970      1
69.000000 69.412977 -66.201147  19.1990   0.0050   0.9780   0.0058   0.9970      1
110.000000 69.421250 -66.201437  19.5040   0.0050   0.9320   0.0064   0.9970      1
308.000000 69.419437 -66.196573  20.5350   0.0070   0.3040   0.0106   0.9970      1
306.000000 69.413356 -66.197199  20.5360   0.0070   0.3130   0.0114   0.9970      1
332.000000 69.413095 -66.199440  20.6450   0.0080   0.3920   0.0120   0.9970      1
358.000000 69.409069 -66.197573  20.7400   0.0080   0.4250   0.0120   0.9970      1
284.000000 69.416358 -66.197957  20.4990   0.0090   0.3670   0.0120   0.9970      1
327.000000 69.416651 -66.199133  20.5720   0.0090   0.2830   0.0127   0.9970      1
447.000000 69.419125 -66.195168  20.9250   0.0090   0.3710   0.0135   0.9970      1
503.000000 69.419571 -66.196268  21.0630   0.0090   0.3930   0.0135   0.9970      1
533.000000 69.414711 -66.198649  21.0920   0.0090   0.2850   0.0142   0.9970      1
508.000000 69.411704 -66.199167  21.0940   0.0090   0.4190   0.0142   0.9970      1
526.000000 69.418832 -66.197402  21.0750   0.0090   0.2810   0.0150   0.9970      1
504.000000 69.415763 -66.194121  21.0280   0.0100   0.3140   0.0156   0.9970      1
571.000000 69.412567 -66.201900  21.1510   0.0100   0.2680   0.0156   0.9970      1
544.000000 69.416954 -66.198239  21.1190   0.0100   0.3200   0.0164   0.9970      1
553.000000 69.413570 -66.200504  21.1690   0.0110   0.3830   0.0156   0.9970      1
682.000000 69.416930 -66.199782  21.3710   0.0110   0.3680   0.0170   0.9970      1
731.000000 69.409613 -66.200676  21.4820   0.0110   0.4060   0.0170   0.9970      1
484.000000 69.415371 -66.198894  21.0540   0.0120   0.4370   0.0156   0.9970      1
530.000000 69.416526 -66.201564  21.1070   0.0120   0.3330   0.0163   0.9970      1
702.000000 69.414991 -66.203519  21.3970   0.0120   0.3450   0.0170   0.9970      1
685.000000 69.412000 -66.199490  21.3770   0.0120   0.3690   0.0177   0.9970      1
683.000000 69.416857 -66.199318  21.3760   0.0120   0.3720   0.0192   0.9970      1
605.000000 69.415820 -66.195908  21.2810   0.0130   0.4330   0.0170   0.9970      1
696.000000 69.416591 -66.200384  21.4020   0.0130   0.3740   0.0177   0.9970      1
715.000000 69.414791 -66.197172  21.4000   0.0130   0.2840   0.0191   0.9970      1
884.000000 69.411463 -66.194713  21.7250   0.0130   0.4000   0.0191   0.9970      1
879.000000 69.420358 -66.197600  21.7210   0.0130   0.4020   0.0198   0.9970      1
834.000000 69.413037 -66.199575  21.6030   0.0140   0.2970   0.0205   0.9970      1
694.000000 69.416796 -66.203583  21.3990   0.0150   0.3570   0.0198   0.9970      1
688.000000 69.413005 -66.197612  21.3880   0.0150   0.3780   0.0205   0.9970      1
236.000000 69.416459 -66.196257  20.3410   0.0070   0.3600   0.0099   0.9960      1
255.000000 69.414921 -66.202333  20.3820   0.0070   0.3280   0.0106   0.9960      1
263.000000 69.413853 -66.199859  20.4210   0.0070   0.3760   0.0106   0.9960      1
283.000000 69.417065 -66.197677  20.4710   0.0080   0.3150   0.0113   0.9960      1
330.000000 69.416178 -66.197501  20.6150   0.0080   0.3290   0.0120   0.9960      1
431.000000 69.419608 -66.200110  20.8640   0.0080   0.3170   0.0128   0.9960      1
323.000000 69.413878 -66.197089  20.5620   0.0090   0.2750   0.0127   0.9960      1
375.000000 69.413647 -66.197574  20.7290   0.0100   0.3030   0.0141   0.9960      1
444.000000 69.418295 -66.195773  20.9120   0.0100   0.3520   0.0141   0.9960      1
452.000000 69.421911 -66.195753  20.9310   0.0100   0.3620   0.0141   0.9960      1
506.000000 69.414260 -66.198647  21.0940   0.0100   0.4290   0.0141   0.9960      1
510.000000 69.413599 -66.193923  21.0710   0.0100   0.3630   0.0149   0.9960      1
601.000000 69.414420 -66.202498  21.2320   0.0100   0.3290   0.0156   0.9960      1
430.000000 69.415278 -66.198493  20.8720   0.0110   0.3410   0.0156   0.9960      1
680.000000 69.414711 -66.196527  21.3540   0.0110   0.3380   0.0163   0.9960      1
590.000000 69.415861 -66.198526  21.2240   0.0110   0.3410   0.0170   0.9960      1
723.000000 69.410696 -66.195975  21.4470   0.0110   0.3850   0.0170   0.9960      1
626.000000 69.417318 -66.198357  21.3180   0.0120   0.4160   0.0170   0.9960      1
725.000000 69.420253 -66.195195  21.4510   0.0120   0.3790   0.0177   0.9960      1
549.000000 69.417588 -66.199279  21.1590   0.0130   0.3760   0.0184   0.9960      1
705.000000 69.417378 -66.201964  21.4090   0.0140   0.3730   0.0191   0.9960      1
726.000000 69.413169 -66.196481  21.4610   0.0150   0.3940   0.0198   0.9960      1
883.000000 69.417691 -66.201468  21.7180   0.0160   0.3970   0.0226   0.9960      1
53.000000 69.418112 -66.199067  19.1150   0.0040   0.9770   0.0050   0.9950      1
75.000000 69.421296 -66.195264  19.2150   0.0040   0.9780   0.0050   0.9950      1
235.000000 69.419479 -66.195257  20.3450   0.0060   0.3760   0.0092   0.9950      1
168.000000 69.421502 -66.198081  20.0250   0.0070   0.3500   0.0092   0.9950      1
336.000000 69.417648 -66.198960  20.6650   0.0080   0.3970   0.0120   0.9950      1
335.000000 69.414648 -66.195365  20.6540   0.0090   0.3640   0.0127   0.9950      1
463.000000 69.420309 -66.200358  20.9530   0.0090   0.3380   0.0135   0.9950      1
492.000000 69.416139 -66.198137  21.0270   0.0100   0.3270   0.0149   0.9950      1
552.000000 69.421078 -66.201075  21.1620   0.0100   0.3670   0.0149   0.9950      1
427.000000 69.418872 -66.203003  20.8630   0.0110   0.3390   0.0149   0.9950      1
441.000000 69.411918 -66.200290  20.8920   0.0110   0.3220   0.0149   0.9950      1
487.000000 69.414049 -66.198365  21.0340   0.0110   0.3610   0.0156   0.9950      1
583.000000 69.415281 -66.200230  21.2280   0.0110   0.3690   0.0170   0.9950      1
722.000000 69.413224 -66.194964  21.4410   0.0110   0.3770   0.0170   0.9950      1
585.000000 69.412584 -66.195224  21.2170   0.0120   0.3530   0.0163   0.9950      1
673.000000 69.420494 -66.194095  21.3560   0.0120   0.3660   0.0170   0.9950      1
592.000000 69.420722 -66.199316  21.2250   0.0120   0.3630   0.0177   0.9950      1
717.000000 69.414163 -66.196367  21.4430   0.0120   0.4010   0.0177   0.9950      1
767.000000 69.416118 -66.201057  21.5810   0.0120   0.4890   0.0177   0.9950      1
836.000000 69.414336 -66.197145  21.6270   0.0120   0.3530   0.0184   0.9950      1
840.000000 69.412080 -66.201071  21.6300   0.0120   0.3490   0.0184   0.9950      1
607.000000 69.412951 -66.197320  21.2760   0.0130   0.4150   0.0177   0.9950      1
735.000000 69.415224 -66.198828  21.4940   0.0130   0.4310   0.0184   0.9950      1
877.000000 69.411872 -66.201768  21.7240   0.0130   0.4160   0.0191   0.9950      1
664.000000 69.414730 -66.203077  21.3560   0.0140   0.3920   0.0184   0.9950      1
713.000000 69.415755 -66.197737  21.4400   0.0150   0.3940   0.0198   0.9950      1
876.000000 69.411259 -66.196527  21.8000   0.0160   0.5860   0.0213   0.9950      1
874.000000 69.415322 -66.200431  21.7020   0.0180   0.3730   0.0234   0.9950      1
29.000000 69.412270 -66.197672  18.9440   0.0040   0.9900   0.0050   0.9940      1
70.000000 69.420120 -66.199988  19.1890   0.0050   0.9830   0.0058   0.9940      1
274.000000 69.414823 -66.200887  20.4440   0.0070   0.3020   0.0106   0.9940      1
382.000000 69.417856 -66.198033  20.7630   0.0080   0.3410   0.0120   0.9940      1
380.000000 69.412475 -66.200279  20.7370   0.0090   0.3060   0.0127   0.9940      1
545.000000 69.409006 -66.200852  21.1530   0.0100   0.3660   0.0149   0.9940      1
570.000000 69.418870 -66.195805  21.1720   0.0100   0.3220   0.0149   0.9940      1
591.000000 69.421520 -66.194591  21.2530   0.0100   0.4180   0.0149   0.9940      1
602.000000 69.418572 -66.200462  21.2440   0.0100   0.3500   0.0156   0.9940      1
646.000000 69.414130 -66.199193  21.3360   0.0100   0.3940   0.0156   0.9940      1
582.000000 69.413741 -66.199892  21.2150   0.0100   0.3680   0.0180   0.9940      1
439.000000 69.421378 -66.198155  20.8950   0.0110   0.3470   0.0149   0.9940      1
443.000000 69.417494 -66.200664  20.9290   0.0110   0.4090   0.0149   0.9940      1
672.000000 69.419430 -66.195657  21.3540   0.0110   0.3790   0.0170   0.9940      1
677.000000 69.415709 -66.198132  21.3790   0.0110   0.4170   0.0170   0.9940      1
742.000000 69.418433 -66.198994  21.4760   0.0110   0.3630   0.0186   0.9940      1
522.000000 69.417140 -66.205352  21.0720   0.0120   0.2950   0.0163   0.9940      1
568.000000 69.415228 -66.197818  21.1620   0.0120   0.3090   0.0170   0.9940      1
719.000000 69.416806 -66.201471  21.4330   0.0120   0.3760   0.0177   0.9940      1
574.000000 69.411784 -66.193910  21.1640   0.0130   0.3050   0.0184   0.9940      1
866.000000 69.413798 -66.200256  21.7020   0.0130   0.4050   0.0198   0.9940      1
830.000000 69.413952 -66.198424  21.6180   0.0140   0.3750   0.0198   0.9940      1
250.000000 69.412310 -66.202442  20.3730   0.0080   0.3470   0.0113   0.9930      1
396.000000 69.416148 -66.199257  20.7630   0.0080   0.2940   0.0128   0.9930      1
410.000000 69.418748 -66.196233  20.8020   0.0080   0.2830   0.0128   0.9930      1
367.000000 69.411473 -66.197563  20.7470   0.0090   0.3920   0.0127   0.9930      1
390.000000 69.409508 -66.201247  20.7600   0.0090   0.2970   0.0127   0.9930      1
450.000000 69.419509 -66.198084  20.8980   0.0090   0.2870   0.0135   0.9930      1
445.000000 69.421805 -66.201483  20.9010   0.0090   0.3200   0.0135   0.9930      1
566.000000 69.410288 -66.195729  21.1550   0.0100   0.3100   0.0149   0.9930      1
573.000000 69.416492 -66.201125  21.2070   0.0100   0.3990   0.0149   0.9930      1
569.000000 69.413546 -66.196769  21.1770   0.0100   0.3360   0.0156   0.9930      1
618.000000 69.419270 -66.199316  21.2900   0.0100   0.3960   0.0156   0.9930      1
643.000000 69.414274 -66.195258  21.3160   0.0100   0.3690   0.0156   0.9930      1
778.000000 69.418557 -66.196894  21.5300   0.0110   0.3480   0.0170   0.9930      1
763.000000 69.415847 -66.199276  21.5120   0.0110   0.3560   0.0178   0.9930      1
650.000000 69.416689 -66.199202  21.3240   0.0120   0.3520   0.0177   0.9930      1
753.000000 69.421025 -66.196021  21.5150   0.0120   0.3780   0.0177   0.9930      1
761.000000 69.417958 -66.200655  21.5160   0.0120   0.3790   0.0184   0.9930      1
839.000000 69.415109 -66.199910  21.6270   0.0120   0.3900   0.0208   0.9930      1
564.000000 69.410489 -66.198454  21.1720   0.0130   0.3530   0.0170   0.9930      1
660.000000 69.416212 -66.200074  21.3360   0.0130   0.3560   0.0177   0.9930      1
949.000000 69.410580 -66.195146  21.8510   0.0130   0.4570   0.0198   0.9930      1
954.000000 69.415250 -66.194154  21.8210   0.0130   0.4020   0.0230   0.9930      1
635.000000 69.414051 -66.199473  21.3210   0.0140   0.3720   0.0191   0.9930      1
752.000000 69.416992 -66.200334  21.5110   0.0140   0.3790   0.0191   0.9930      1
659.000000 69.414250 -66.198386  21.3330   0.0140   0.3790   0.0198   0.9930      1
858.000000 69.411759 -66.198813  21.7010   0.0140   0.4230   0.0198   0.9930      1
807.000000 69.415821 -66.198282  21.6340   0.0140   0.4470   0.0205   0.9930      1
947.000000 69.412307 -66.198737  21.8580   0.0140   0.4770   0.0205   0.9930      1
958.000000 69.410567 -66.201303  21.8610   0.0140   0.4470   0.0205   0.9930      1
943.000000 69.417697 -66.195547  21.8320   0.0140   0.4240   0.0213   0.9930      1
960.000000 69.415083 -66.197716  21.8600   0.0140   0.4350   0.0213   0.9930      1
966.000000 69.416380 -66.198886  21.8560   0.0140   0.4450   0.0228   0.9930      1
811.000000 69.415095 -66.202587  21.6330   0.0150   0.4530   0.0198   0.9930      1
981.000000 69.410016 -66.200790  21.8900   0.0150   0.4250   0.0219   0.9930      1
1001.000000 69.414934 -66.200647  21.9130   0.0150   0.4250   0.0219   0.9930      1
955.000000 69.418214 -66.203017  21.8530   0.0150   0.4330   0.0234   0.9930      1
973.000000 69.415691 -66.199428  21.8810   0.0170   0.4520   0.0248   0.9930      1
962.000000 69.411881 -66.195737  21.8690   0.0190   0.4550   0.0255   0.9930      1
1639.000000 69.419431 -66.200767  22.6490   0.0210   0.4300   0.0408   0.9930      1
385.000000 69.418071 -66.192640  20.7620   0.0080   0.3210   0.0120   0.9920      1
404.000000 69.415612 -66.199926  20.8280   0.0080   0.3970   0.0120   0.9920      1
426.000000 69.421636 -66.200058  20.8410   0.0090   0.2970   0.0135   0.9920      1
515.000000 69.415699 -66.199792  21.0640   0.0110   0.3200   0.0163   0.9920      1
512.000000 69.416339 -66.198273  21.0640   0.0120   0.3330   0.0163   0.9920      1
810.000000 69.418084 -66.200203  21.5910   0.0120   0.3620   0.0184   0.9920      1
828.000000 69.410555 -66.195482  21.5970   0.0120   0.3660   0.0200   0.9920      1
597.000000 69.422338 -66.196010  21.2460   0.0130   0.3800   0.0170   0.9920      1
833.000000 69.420102 -66.199554  21.6330   0.0130   0.3920   0.0198   0.9920      1
931.000000 69.417582 -66.199834  21.8230   0.0130   0.4280   0.0198   0.9920      1
935.000000 69.412329 -66.200984  21.8340   0.0130   0.4460   0.0198   0.9920      1
934.000000 69.410487 -66.200429  21.8270   0.0140   0.4340   0.0205   0.9920      1
967.000000 69.418714 -66.198394  21.8880   0.0140   0.4830   0.0205   0.9920      1
766.000000 69.414817 -66.197235  21.5260   0.0150   0.3720   0.0205   0.9920      1
816.000000 69.413581 -66.198842  21.5990   0.0150   0.3710   0.0212   0.9920      1
863.000000 69.418080 -66.194492  21.6940   0.0160   0.4040   0.0213   0.9920      1
972.000000 69.412426 -66.197161  21.8870   0.0160   0.4660   0.0226   0.9920      1
787.000000 69.416893 -66.197562  21.6560   0.0170   0.6060   0.0214   0.9920      1
932.000000 69.411286 -66.200348  21.8340   0.0180   0.4550   0.0248   0.9920      1
391.000000 69.421173 -66.195813  20.7890   0.0100   0.3650   0.0135   0.9910      1
625.000000 69.409900 -66.198248  21.2910   0.0100   0.3770   0.0156   0.9910      1
587.000000 69.421447 -66.200311  21.1990   0.0100   0.3130   0.0164   0.9910      1
631.000000 69.417196 -66.192846  21.2530   0.0100   0.3240   0.0164   0.9910      1
595.000000 69.421305 -66.202355  21.2090   0.0110   0.3050   0.0163   0.9910      1
837.000000 69.417383 -66.199878  21.6400   0.0120   0.3920   0.0184   0.9910      1
838.000000 69.420579 -66.198973  21.6440   0.0120   0.4200   0.0184   0.9910      1
885.000000 69.416785 -66.195529  21.7350   0.0130   0.4260   0.0191   0.9910      1
869.000000 69.413074 -66.198524  21.7200   0.0140   0.4420   0.0198   0.9910      1
920.000000 69.418456 -66.199551  21.8290   0.0140   0.4700   0.0213   0.9910      1
985.000000 69.414822 -66.197993  21.9070   0.0140   0.4650   0.0236   0.9910      1
764.000000 69.421479 -66.194682  21.5250   0.0150   0.3950   0.0219   0.9910      1
897.000000 69.415591 -66.195861  21.7520   0.0150   0.3980   0.0258   0.9910      1
824.000000 69.416603 -66.196221  21.6320   0.0160   0.4230   0.0213   0.9910      1
965.000000 69.414887 -66.198979  21.8840   0.0160   0.4900   0.0226   0.9910      1
988.000000 69.422780 -66.197541  21.9250   0.0160   0.4440   0.0226   0.9910      1
1002.000000 69.417766 -66.205199  21.9250   0.0170   0.4510   0.0227   0.9910      1
1256.000000 69.417483 -66.195795  22.2510   0.0170   0.5060   0.0255   0.9910      1
944.000000 69.414281 -66.200350  21.8210   0.0180   0.4330   0.0255   0.9910      1
1279.000000 69.417295 -66.199527  22.2770   0.0180   0.4880   0.0262   0.9910      1
1264.000000 69.412425 -66.200077  22.2700   0.0190   0.5190   0.0262   0.9910      1
1252.000000 69.415981 -66.194910  22.2480   0.0200   0.5040   0.0269   0.9910      1
1275.000000 69.414353 -66.202366  22.2680   0.0200   0.4860   0.0297   0.9910      1
1643.000000 69.417546 -66.196626  22.8770   0.0290   0.8370   0.0358   0.9910      1
39.000000 69.416770 -66.197676  19.0120   0.0050   0.9910   0.0058   0.9900      1
394.000000 69.421362 -66.196993  20.7970   0.0100   0.3770   0.0135   0.9900      1
636.000000 69.418877 -66.199067  21.2980   0.0100   0.3490   0.0164   0.9900      1
656.000000 69.417359 -66.195784  21.3910   0.0110   0.4900   0.0163   0.9900      1
813.000000 69.415222 -66.196248  21.6190   0.0140   0.4160   0.0198   0.9900      1
896.000000 69.411613 -66.195747  21.7600   0.0140   0.4000   0.0205   0.9900      1
978.000000 69.422132 -66.196159  21.9080   0.0140   0.4750   0.0205   0.9900      1
1024.000000 69.422979 -66.199031  21.9450   0.0150   0.4280   0.0219   0.9900      1
793.000000 69.416443 -66.197426  21.5600   0.0160   0.3630   0.0213   0.9900      1
913.000000 69.416072 -66.199309  21.8260   0.0180   0.5060   0.0248   0.9900      1
1258.000000 69.413552 -66.197455  22.2670   0.0180   0.5340   0.0277   0.9900      1
1255.000000 69.412157 -66.201379  22.2400   0.0210   0.4820   0.0290   0.9900      1
1251.000000 69.419376 -66.200341  22.2570   0.0210   0.5270   0.0304   0.9900      1
1811.000000 69.421617 -66.199115  22.8930   0.0250   0.5590   0.0361   0.9900      1
60.000000 69.417154 -66.198695  19.1340   0.0040   0.9370   0.0050   0.9890      1
611.000000 69.422325 -66.200455  21.2650   0.0110   0.3580   0.0163   0.9890      1
615.000000 69.413969 -66.199356  21.2620   0.0130   0.3440   0.0177   0.9890      1
757.000000 69.420824 -66.202844  21.5500   0.0140   0.4900   0.0198   0.9890      1
993.000000 69.418421 -66.200825  21.9500   0.0140   0.5290   0.0205   0.9890      1
995.000000 69.416443 -66.196469  21.9270   0.0140   0.4710   0.0213   0.9890      1
987.000000 69.414462 -66.197427  21.9420   0.0140   0.5290   0.0213   0.9890      1
795.000000 69.415704 -66.196938  21.5710   0.0150   0.3770   0.0205   0.9890      1
1197.000000 69.419497 -66.199198  22.1630   0.0160   0.4890   0.0248   0.9890      1
1133.000000 69.420422 -66.198613  22.1020   0.0160   0.5860   0.0264   0.9890      1
1243.000000 69.420606 -66.201248  22.2470   0.0170   0.5370   0.0248   0.9890      1
1298.000000 69.422173 -66.197636  22.3070   0.0170   0.5190   0.0255   0.9890      1
1346.000000 69.421677 -66.197121  22.4330   0.0180   0.6710   0.0255   0.9890      1
1191.000000 69.412511 -66.196199  22.1590   0.0190   0.4830   0.0262   0.9890      1
1304.000000 69.415953 -66.203088  22.3160   0.0190   0.5040   0.0269   0.9890      1
1270.000000 69.418180 -66.199225  22.2850   0.0190   0.5480   0.0276   0.9890      1
1271.000000 69.419186 -66.199627  22.2370   0.0190   0.5250   0.0306   0.9890      1
1777.000000 69.417038 -66.204518  22.8860   0.0230   0.6080   0.0332   0.9890      1
1783.000000 69.411372 -66.197911  22.8910   0.0230   0.6050   0.0332   0.9890      1
1267.000000 69.416037 -66.199383  22.2730   0.0240   0.5320   0.0306   0.9890      1
1756.000000 69.421713 -66.197650  22.8850   0.0250   0.6050   0.0354   0.9890      1
1796.000000 69.415663 -66.200115  22.9010   0.0250   0.6010   0.0354   0.9890      1
1840.000000 69.421690 -66.202164  22.9030   0.0280   0.5850   0.0403   0.9890      1
409.000000 69.418303 -66.199832  20.8130   0.0090   0.3110   0.0142   0.9880      1
901.000000 69.417251 -66.194323  21.8110   0.0130   0.5130   0.0191   0.9880      1
854.000000 69.409899 -66.198093  21.6760   0.0150   0.3950   0.0205   0.9880      1
1016.000000 69.415169 -66.199770  21.9820   0.0150   0.5510   0.0219   0.9880      1
1169.000000 69.418009 -66.193289  22.1310   0.0150   0.4940   0.0227   0.9880      1
909.000000 69.413943 -66.196225  21.8150   0.0170   0.4890   0.0227   0.9880      1
1287.000000 69.416266 -66.203519  22.3120   0.0190   0.5580   0.0262   0.9880      1
1278.000000 69.415980 -66.200112  22.2960   0.0210   0.5520   0.0277   0.9880      1
1240.000000 69.412708 -66.196969  22.2480   0.0220   0.5440   0.0291   0.9880      1
1502.000000 69.409385 -66.198156  22.6520   0.0230   0.7360   0.0332   0.9880      1
1315.000000 69.412682 -66.197835  22.4170   0.0240   0.6900   0.0300   0.9880      1
1808.000000 69.416079 -66.197919  22.8960   0.0240   0.6310   0.0376   0.9880      1
1805.000000 69.417624 -66.197953  22.9110   0.0250   0.5910   0.0361   0.9880      1
1795.000000 69.409524 -66.199263  22.8680   0.0290   0.5370   0.0383   0.9880      1
1778.000000 69.415843 -66.195290  22.8740   0.0320   0.5750   0.0400   0.9880      1
1782.000000 69.410893 -66.195674  22.8880   0.0320   0.5900   0.0406   0.9880      1
459.000000 69.414709 -66.197744  20.9700   0.0090   0.4100   0.0135   0.9870      1
765.000000 69.422387 -66.198706  21.5480   0.0110   0.4220   0.0170   0.9870      1
775.000000 69.422296 -66.199435  21.5550   0.0120   0.4160   0.0177   0.9870      1
770.000000 69.408838 -66.199610  21.5500   0.0130   0.4160   0.0184   0.9870      1
791.000000 69.420250 -66.198022  21.5950   0.0130   0.4510   0.0184   0.9870      1
733.000000 69.410418 -66.197484  21.4370   0.0130   0.3150   0.0191   0.9870      1
798.000000 69.415081 -66.199676  21.6010   0.0140   0.4340   0.0198   0.9870      1
852.000000 69.415338 -66.197526  21.6620   0.0140   0.3870   0.0213   0.9870      1
908.000000 69.415186 -66.204016  21.8420   0.0150   0.5560   0.0205   0.9870      1
847.000000 69.419449 -66.201430  21.7130   0.0150   0.4690   0.0212   0.9870      1
1124.000000 69.416425 -66.199590  22.0550   0.0150   0.4370   0.0234   0.9870      1
1160.000000 69.411949 -66.199702  22.1360   0.0160   0.5130   0.0241   0.9870      1
997.000000 69.417775 -66.200691  21.9380   0.0170   0.5030   0.0233   0.9870      1
999.000000 69.418518 -66.199106  21.9770   0.0170   0.5640   0.0233   0.9870      1
1155.000000 69.411459 -66.202856  22.1230   0.0170   0.5050   0.0240   0.9870      1
1162.000000 69.418078 -66.197947  22.1400   0.0170   0.5090   0.0248   0.9870      1
1122.000000 69.412815 -66.198774  22.1130   0.0170   0.5870   0.0286   0.9870      1
865.000000 69.413303 -66.199782  21.7200   0.0180   0.4580   0.0234   0.9870      1
989.000000 69.415851 -66.202984  21.9390   0.0180   0.5060   0.0234   0.9870      1
974.000000 69.417546 -66.199662  21.9310   0.0180   0.4920   0.0241   0.9870      1
1296.000000 69.414617 -66.203498  22.3830   0.0180   0.6690   0.0255   0.9870      1
1207.000000 69.418228 -66.200905  22.1790   0.0180   0.4920   0.0269   0.9870      1
1226.000000 69.422540 -66.199987  22.1930   0.0190   0.4790   0.0262   0.9870      1
1326.000000 69.414173 -66.200806  22.3410   0.0190   0.5240   0.0269   0.9870      1
1091.000000 69.413987 -66.197115  22.0820   0.0190   0.5790   0.0276   0.9870      1
1316.000000 69.417117 -66.198009  22.3330   0.0190   0.5420   0.0283   0.9870      1
1276.000000 69.421584 -66.196602  22.3220   0.0220   0.5680   0.0284   0.9870      1
1284.000000 69.413831 -66.199579  22.3090   0.0220   0.5610   0.0291   0.9870      1
1303.000000 69.412297 -66.201198  22.3310   0.0230   0.5470   0.0292   0.9870      1
1760.000000 69.413567 -66.199181  22.8620   0.0240   0.5790   0.0347   0.9870      1
1752.000000 69.417069 -66.194835  22.8820   0.0240   0.6330   0.0361   0.9870      1
2260.000000 69.411302 -66.199392  23.2480   0.0350   0.4840   0.0509   0.9870      1
400.000000 69.421433 -66.194712  20.7850   0.0090   0.3140   0.0135   0.9860      1
489.000000 69.415863 -66.196544  21.0040   0.0090   0.3110   0.0142   0.9860      1
467.000000 69.414895 -66.198496  20.9710   0.0100   0.3610   0.0141   0.9860      1
479.000000 69.413375 -66.199273  20.9760   0.0100   0.2830   0.0149   0.9860      1
751.000000 69.418783 -66.196471  21.5380   0.0120   0.4580   0.0184   0.9860      1
700.000000 69.417038 -66.198625  21.4130   0.0130   0.4220   0.0198   0.9860      1
1044.000000 69.422581 -66.196686  22.0340   0.0150   0.5740   0.0219   0.9860      1
849.000000 69.408638 -66.197947  21.7090   0.0160   0.5120   0.0219   0.9860      1
1041.000000 69.412294 -66.198916  22.0130   0.0160   0.5400   0.0226   0.9860      1
1056.000000 69.414379 -66.198947  22.0440   0.0170   0.5860   0.0233   0.9860      1
1088.000000 69.414436 -66.199889  22.0940   0.0170   0.6260   0.0240   0.9860      1
1286.000000 69.417485 -66.193674  22.3240   0.0170   0.5810   0.0248   0.9860      1
1311.000000 69.410921 -66.198415  22.3410   0.0170   0.5470   0.0255   0.9860      1
1340.000000 69.420301 -66.196021  22.3540   0.0170   0.5070   0.0255   0.9860      1
1150.000000 69.413787 -66.199718  22.1230   0.0180   0.5210   0.0255   0.9860      1
1100.000000 69.417618 -66.198762  22.1090   0.0190   0.6190   0.0255   0.9860      1
1198.000000 69.419187 -66.197576  22.2150   0.0190   0.5260   0.0262   0.9860      1
1248.000000 69.409814 -66.201608  22.2800   0.0190   0.5710   0.0262   0.9860      1
1059.000000 69.412079 -66.201647  22.0670   0.0200   0.6150   0.0250   0.9860      1
1337.000000 69.421416 -66.197226  22.4470   0.0200   0.7070   0.0276   0.9860      1
1136.000000 69.414863 -66.197654  22.1170   0.0210   0.5500   0.0270   0.9860      1
1228.000000 69.416371 -66.195320  22.2220   0.0220   0.5340   0.0284   0.9860      1
1761.000000 69.413364 -66.198584  22.8980   0.0230   0.6520   0.0332   0.9860      1
1753.000000 69.410032 -66.196461  22.8880   0.0260   0.6440   0.0354   0.9860      1
1787.000000 69.408861 -66.198619  22.9150   0.0260   0.6230   0.0354   0.9860      1
1807.000000 69.418379 -66.197790  22.9160   0.0290   0.6180   0.0383   0.9860      1
1975.000000 69.418565 -66.200387  23.2040   0.0290   0.8550   0.0389   0.9860      1
1823.000000 69.417962 -66.199601  22.9230   0.0300   0.5920   0.0410   0.9860      1
1749.000000 69.412859 -66.200430  22.8740   0.0320   0.6180   0.0425   0.9860      1
744.000000 69.416757 -66.199359  21.5300   0.0160   0.4580   0.0206   0.9850      1
1157.000000 69.414158 -66.198264  22.1390   0.0160   0.5390   0.0233   0.9850      1
1212.000000 69.419698 -66.202904  22.1980   0.0170   0.5300   0.0240   0.9850      1
1151.000000 69.420098 -66.202926  22.1110   0.0170   0.4860   0.0255   0.9850      1
1011.000000 69.415770 -66.197849  21.9450   0.0180   0.4770   0.0248   0.9850      1
1357.000000 69.420115 -66.193824  22.4500   0.0180   0.6450   0.0262   0.9850      1
1050.000000 69.418434 -66.197894  22.0330   0.0200   0.5710   0.0256   0.9850      1
1012.000000 69.418782 -66.197188  21.9890   0.0200   0.5600   0.0276   0.9850      1
1450.000000 69.412122 -66.197467  22.4770   0.0200   0.4930   0.0290   0.9850      1
1366.000000 69.415850 -66.202143  22.4490   0.0210   0.6460   0.0290   0.9850      1
1204.000000 69.416343 -66.199166  22.2030   0.0220   0.5380   0.0297   0.9850      1
1210.000000 69.413041 -66.196881  22.2000   0.0230   0.5290   0.0292   0.9850      1
1768.000000 69.422033 -66.199678  22.9000   0.0270   0.6530   0.0368   0.9850      1
1769.000000 69.415310 -66.198156  22.8540   0.0270   0.5870   0.0419   0.9850      1
1747.000000 69.418165 -66.201879  22.8830   0.0280   0.6510   0.0369   0.9850      1
1781.000000 69.416647 -66.200922  22.9050   0.0290   0.6460   0.0376   0.9850      1
1763.000000 69.410124 -66.195925  22.8460   0.0300   0.5490   0.0384   0.9850      1
1033.000000 69.415129 -66.195316  21.9920   0.0140   0.5150   0.0213   0.9840      1
1141.000000 69.418311 -66.192607  22.0940   0.0150   0.5360   0.0242   0.9840      1
1272.000000 69.418303 -66.202531  22.3200   0.0170   0.6090   0.0270   0.9840      1
1231.000000 69.418100 -66.199211  22.1850   0.0170   0.5280   0.0294   0.9840      1
912.000000 69.412957 -66.201538  21.7940   0.0180   0.4340   0.0234   0.9840      1
1032.000000 69.417416 -66.200233  21.9960   0.0180   0.5200   0.0241   0.9840      1
1283.000000 69.420360 -66.193578  22.3390   0.0190   0.6200   0.0262   0.9840      1
1342.000000 69.412927 -66.198760  22.3590   0.0190   0.5240   0.0276   0.9840      1
1485.000000 69.410918 -66.200145  22.5310   0.0190   0.5140   0.0283   0.9840      1
1345.000000 69.417341 -66.196824  22.3630   0.0230   0.6520   0.0332   0.9840      1
1712.000000 69.422064 -66.197367  22.7530   0.0230   0.5330   0.0394   0.9840      1
1765.000000 69.411476 -66.199376  22.8940   0.0270   0.6710   0.0396   0.9840      1
1819.000000 69.410853 -66.198901  22.9270   0.0300   0.6070   0.0404   0.9840      1
1822.000000 69.415374 -66.197198  22.9250   0.0320   0.6100   0.0412   0.9840      1
1766.000000 69.417207 -66.195432  22.9090   0.0330   0.6430   0.0439   0.9840      1
1070.000000 69.422702 -66.198758  22.0380   0.0160   0.5310   0.0226   0.9830      1
903.000000 69.418356 -66.200894  21.7730   0.0170   0.4140   0.0227   0.9830      1
1291.000000 69.414884 -66.198773  22.3500   0.0180   0.6090   0.0262   0.9830      1
1349.000000 69.421997 -66.201089  22.3660   0.0180   0.5250   0.0269   0.9830      1
1125.000000 69.414381 -66.201796  22.0930   0.0190   0.5150   0.0248   0.9830      1
1185.000000 69.414558 -66.196449  22.1910   0.0190   0.5620   0.0255   0.9830      1
1247.000000 69.420138 -66.198283  22.3400   0.0190   0.6780   0.0255   0.9830      1
1158.000000 69.421185 -66.199492  22.1440   0.0200   0.5610   0.0262   0.9830      1
1367.000000 69.410935 -66.197656  22.4450   0.0200   0.6190   0.0276   0.9830      1
1477.000000 69.418874 -66.201475  22.6080   0.0200   0.6960   0.0283   0.9830      1
1636.000000 69.417189 -66.201280  22.7350   0.0210   0.5780   0.0311   0.9830      1
1269.000000 69.417478 -66.200895  22.3310   0.0220   0.6390   0.0284   0.9830      1
1334.000000 69.413993 -66.197262  22.4030   0.0220   0.6260   0.0291   0.9830      1
1332.000000 69.420816 -66.198081  22.3650   0.0220   0.5450   0.0297   0.9830      1
1301.000000 69.411231 -66.200847  22.3620   0.0230   0.6340   0.0298   0.9830      1
1652.000000 69.416239 -66.199663  22.7480   0.0230   0.5750   0.0332   0.9830      1
1638.000000 69.415205 -66.200513  22.7350   0.0250   0.5710   0.0340   0.9830      1
1750.000000 69.420340 -66.196676  22.9030   0.0270   0.6740   0.0355   0.9830      1
1653.000000 69.413176 -66.198815  22.7380   0.0290   0.5490   0.0370   0.9830      1
2151.000000 69.416035 -66.197530  23.3600   0.0330   0.8310   0.0446   0.9830      1
1066.000000 69.412176 -66.198664  22.0310   0.0160   0.5150   0.0226   0.9820      1
1089.000000 69.409946 -66.201630  22.0290   0.0160   0.4520   0.0233   0.9820      1
1182.000000 69.416941 -66.199506  22.1880   0.0170   0.5720   0.0240   0.9820      1
1130.000000 69.417491 -66.198161  22.0920   0.0170   0.5080   0.0248   0.9820      1
1335.000000 69.412086 -66.200796  22.3680   0.0170   0.5470   0.0255   0.9820      1
1462.000000 69.413015 -66.199400  22.5070   0.0200   0.5310   0.0305   0.9820      1
1607.000000 69.416051 -66.203527  22.6590   0.0200   0.4980   0.0328   0.9820      1
1630.000000 69.413683 -66.191915  22.7080   0.0210   0.5340   0.0311   0.9820      1
1673.000000 69.414526 -66.201692  22.7650   0.0210   0.5740   0.0311   0.9820      1
1677.000000 69.414577 -66.204144  22.7720   0.0210   0.5790   0.0311   0.9820      1
1377.000000 69.417933 -66.200574  22.4480   0.0220   0.6190   0.0291   0.9820      1
1628.000000 69.410231 -66.200239  22.7300   0.0220   0.5820   0.0311   0.9820      1
1372.000000 69.416895 -66.200185  22.4080   0.0230   0.6120   0.0347   0.9820      1
1702.000000 69.417957 -66.203038  22.7880   0.0250   0.5520   0.0347   0.9820      1
1470.000000 69.420739 -66.200254  22.5100   0.0260   0.5210   0.0361   0.9820      1
1720.000000 69.417567 -66.199711  22.8040   0.0290   0.5430   0.0389   0.9820      1
1670.000000 69.409613 -66.197109  22.7610   0.0300   0.5730   0.0378   0.9820      1
2209.000000 69.418288 -66.198943  23.3900   0.0330   0.8410   0.0460   0.9820      1
1063.000000 69.417241 -66.199817  22.0140   0.0150   0.4880   0.0219   0.9810      1
1037.000000 69.420346 -66.197846  21.9840   0.0150   0.4990   0.0234   0.9810      1
1078.000000 69.413045 -66.196163  22.0160   0.0170   0.4730   0.0270   0.9810      1
1376.000000 69.416896 -66.193167  22.3830   0.0180   0.5180   0.0277   0.9810      1
1508.000000 69.415987 -66.195959  22.5940   0.0200   0.6060   0.0290   0.9810      1
1482.000000 69.416411 -66.199698  22.5480   0.0200   0.5740   0.0297   0.9810      1
1115.000000 69.412560 -66.201266  22.0830   0.0210   0.5170   0.0264   0.9810      1
1069.000000 69.409704 -66.199067  22.0220   0.0210   0.5010   0.0270   0.9810      1
1402.000000 69.418806 -66.203468  22.4310   0.0210   0.5190   0.0290   0.9810      1
1626.000000 69.414956 -66.202469  22.7390   0.0210   0.6000   0.0326   0.9810      1
1498.000000 69.412092 -66.196463  22.5920   0.0220   0.6170   0.0311   0.9810      1
1503.000000 69.415470 -66.201430  22.6110   0.0220   0.6400   0.0311   0.9810      1
1432.000000 69.413181 -66.199789  22.4630   0.0220   0.5290   0.0318   0.9810      1
1635.000000 69.421600 -66.197950  22.7430   0.0220   0.6020   0.0326   0.9810      1
1478.000000 69.411112 -66.200049  22.5320   0.0240   0.5430   0.0319   0.9810      1
1717.000000 69.415178 -66.197027  22.8800   0.0240   0.6990   0.0339   0.9810      1
1759.000000 69.420594 -66.201199  22.9520   0.0240   0.7620   0.0339   0.9810      1
1307.000000 69.411150 -66.198010  22.3650   0.0250   0.5750   0.0314   0.9810      1
1631.000000 69.409399 -66.199538  22.7350   0.0280   0.5900   0.0362   0.9810      1
1721.000000 69.408785 -66.199550  22.8140   0.0280   0.5630   0.0389   0.9810      1
1724.000000 69.414700 -66.199714  22.8870   0.0290   0.7000   0.0383   0.9810      1
2127.000000 69.422511 -66.196846  23.3170   0.0290   0.8030   0.0396   0.9810      1
1627.000000 69.418845 -66.199476  22.7210   0.0320   0.5510   0.0432   0.9810      1
2043.000000 69.416648 -66.197294  23.2700   0.0320   0.8410   0.0474   0.9810      1
2659.000000 69.419305 -66.196182  23.6130   0.0380   0.5590   0.0566   0.9810      1
1045.000000 69.409703 -66.199586  21.9810   0.0140   0.4540   0.0213   0.9800      1
1062.000000 69.412029 -66.197642  21.9880   0.0150   0.4490   0.0227   0.9800      1
1113.000000 69.421391 -66.197558  22.0750   0.0150   0.5010   0.0227   0.9800      1
1090.000000 69.419764 -66.203111  22.0590   0.0160   0.5300   0.0226   0.9800      1
1120.000000 69.411955 -66.199928  22.1520   0.0160   0.6520   0.0226   0.9800      1
1073.000000 69.413086 -66.194802  22.0170   0.0170   0.4780   0.0233   0.9800      1
1384.000000 69.410177 -66.199754  22.4110   0.0180   0.5260   0.0269   0.9800      1
1438.000000 69.410216 -66.194348  22.4530   0.0180   0.5460   0.0292   0.9800      1
1388.000000 69.414940 -66.198637  22.4270   0.0190   0.5590   0.0283   0.9800      1
1517.000000 69.413372 -66.200244  22.6400   0.0200   0.6760   0.0290   0.9800      1
1516.000000 69.418164 -66.197671  22.5760   0.0200   0.6110   0.0312   0.9800      1
1497.000000 69.414166 -66.195923  22.5620   0.0210   0.5530   0.0297   0.9800      1
1087.000000 69.413502 -66.198741  22.0590   0.0220   0.4930   0.0278   0.9800      1
1391.000000 69.409206 -66.201904  22.4520   0.0220   0.5990   0.0291   0.9800      1
1486.000000 69.412094 -66.198988  22.5760   0.0220   0.6060   0.0304   0.9800      1
1696.000000 69.420386 -66.197666  22.7990   0.0220   0.5780   0.0326   0.9800      1
1419.000000 69.414638 -66.200514  22.4490   0.0230   0.5380   0.0311   0.9800      1
1452.000000 69.417287 -66.200571  22.4990   0.0230   0.5370   0.0311   0.9800      1
1719.000000 69.413866 -66.200711  22.8530   0.0230   0.6450   0.0347   0.9800      1
1694.000000 69.411771 -66.197545  22.7930   0.0230   0.5710   0.0386   0.9800      1
1507.000000 69.419035 -66.200279  22.5850   0.0240   0.5760   0.0319   0.9800      1
1400.000000 69.409300 -66.201686  22.4290   0.0240   0.5670   0.0332   0.9800      1
1476.000000 69.411376 -66.200106  22.5460   0.0250   0.5750   0.0320   0.9800      1
1393.000000 69.409347 -66.200685  22.4240   0.0260   0.5370   0.0322   0.9800      1
1818.000000 69.422425 -66.197316  22.9850   0.0260   0.7460   0.0368   0.9800      1
2042.000000 69.414688 -66.202057  23.2590   0.0280   0.8200   0.0382   0.9800      1
2185.000000 69.416450 -66.196423  23.3650   0.0320   0.8030   0.0439   0.9800      1
2205.000000 69.416639 -66.194366  23.4010   0.0380   0.8240   0.0472   0.9800      1
2619.000000 69.416966 -66.199566  23.5840   0.0400   0.5580   0.0566   0.9800      1
1107.000000 69.415428 -66.197146  22.0710   0.0150   0.5080   0.0227   0.9790      1
1154.000000 69.411367 -66.198849  22.1420   0.0160   0.6660   0.0264   0.9790      1
1250.000000 69.418780 -66.197628  22.2980   0.0170   0.6170   0.0255   0.9790      1
1330.000000 69.414190 -66.197663  22.3780   0.0180   0.5830   0.0262   0.9790      1
1467.000000 69.410393 -66.199853  22.5370   0.0190   0.5830   0.0276   0.9790      1
1370.000000 69.418735 -66.194037  22.4080   0.0220   0.5510   0.0291   0.9790      1
1371.000000 69.415620 -66.201184  22.4090   0.0220   0.5560   0.0291   0.9790      1
1472.000000 69.413941 -66.195915  22.5520   0.0220   0.5960   0.0304   0.9790      1
1527.000000 69.418664 -66.198541  22.6610   0.0220   0.6960   0.0311   0.9790      1
1463.000000 69.409544 -66.197494  22.5320   0.0230   0.5730   0.0311   0.9790      1
1656.000000 69.417527 -66.198196  22.7490   0.0240   0.6080   0.0369   0.9790      1
1710.000000 69.418164 -66.197101  22.8170   0.0250   0.5860   0.0347   0.9790      1
1846.000000 69.417632 -66.200031  22.9490   0.0250   0.6020   0.0354   0.9790      1
1620.000000 69.416038 -66.198467  22.7240   0.0270   0.5920   0.0361   0.9790      1
1407.000000 69.412665 -66.197647  22.4510   0.0270   0.5690   0.0375   0.9790      1
1492.000000 69.415000 -66.198457  22.5920   0.0280   0.6320   0.0362   0.9790      1
1621.000000 69.415681 -66.200688  22.7030   0.0280   0.5470   0.0382   0.9790      1
1786.000000 69.418597 -66.199065  22.9450   0.0320   0.7110   0.0412   0.9790      1
1755.000000 69.418873 -66.198437  22.9430   0.0330   0.7430   0.0408   0.9790      1
2624.000000 69.416652 -66.200694  23.8040   0.0390   0.9630   0.0595   0.9790      1
3159.000000 69.420685 -66.200154  24.2350   0.0510   1.0640   0.0661   0.9790      1
1167.000000 69.413597 -66.194525  22.1770   0.0190   0.5920   0.0248   0.9780      1
1473.000000 69.418076 -66.198262  22.5560   0.0200   0.6070   0.0290   0.9780      1
1525.000000 69.415770 -66.203371  22.6170   0.0210   0.5900   0.0297   0.9780      1
1613.000000 69.417064 -66.197060  22.7080   0.0210   0.5790   0.0311   0.9780      1
1522.000000 69.409684 -66.196580  22.5920   0.0230   0.5570   0.0311   0.9780      1
1465.000000 69.417162 -66.197424  22.5870   0.0250   0.7190   0.0333   0.9780      1
1806.000000 69.417351 -66.199020  22.9510   0.0250   0.6910   0.0354   0.9780      1
1824.000000 69.416485 -66.199529  22.9720   0.0260   0.7100   0.0375   0.9780      1
1802.000000 69.412423 -66.196075  22.9520   0.0270   0.7110   0.0361   0.9780      1
1481.000000 69.417841 -66.199611  22.5780   0.0280   0.6240   0.0403   0.9780      1
1539.000000 69.416825 -66.193043  22.5940   0.0300   0.5440   0.0378   0.9780      1
1984.000000 69.418541 -66.192180  23.1810   0.0300   0.8090   0.0391   0.9780      1
2645.000000 69.419789 -66.201664  23.7410   0.0370   0.8160   0.0523   0.9780      1
2637.000000 69.411845 -66.201476  23.7900   0.0550   0.9220   0.0652   0.9780      1
831.000000 69.415808 -66.198514  21.7110   0.0150   0.5890   0.0212   0.9770      1
1196.000000 69.422425 -66.197155  22.2170   0.0180   0.6000   0.0248   0.9770      1
1221.000000 69.415012 -66.199513  22.2410   0.0190   0.6050   0.0298   0.9770      1
1424.000000 69.414902 -66.203107  22.4820   0.0200   0.5590   0.0283   0.9770      1
1590.000000 69.410775 -66.199545  22.6530   0.0220   0.5230   0.0341   0.9770      1
1842.000000 69.413690 -66.202468  23.0050   0.0240   0.7170   0.0354   0.9770      1
1537.000000 69.421320 -66.195635  22.6270   0.0250   0.6090   0.0347   0.9770      1
1837.000000 69.410638 -66.197826  23.0150   0.0250   0.7410   0.0347   0.9770      1
1640.000000 69.417626 -66.197576  22.7230   0.0250   0.6090   0.0368   0.9770      1
1809.000000 69.417160 -66.199249  22.9610   0.0260   0.6950   0.0361   0.9770      1
2207.000000 69.417196 -66.204201  23.2570   0.0280   0.5710   0.0410   0.9770      1
2259.000000 69.413829 -66.194332  23.4270   0.0310   0.8200   0.0425   0.9770      1
1680.000000 69.419928 -66.203511  22.8050   0.0320   0.6040   0.0394   0.9770      1
1817.000000 69.417873 -66.201338  22.9620   0.0340   0.6880   0.0416   0.9770      1
2606.000000 69.422059 -66.196500  23.7220   0.0370   0.8410   0.0502   0.9770      1
2706.000000 69.415936 -66.194703  23.7730   0.0370   0.8040   0.0516   0.9770      1
2459.000000 69.416092 -66.199132  23.6650   0.0380   0.9270   0.0503   0.9770      1
2516.000000 69.414656 -66.199536  23.6830   0.0380   0.9030   0.0517   0.9770      1
2166.000000 69.417202 -66.200766  23.2210   0.0390   0.5530   0.0498   0.9770      1
2700.000000 69.416936 -66.199396  23.7420   0.0400   0.7600   0.0559   0.9770      1
2690.000000 69.416125 -66.203015  23.7480   0.0410   0.7750   0.0587   0.9770      1
2686.000000 69.413676 -66.198582  23.8020   0.0440   0.8770   0.0569   0.9770      1
2678.000000 69.421187 -66.199303  23.7460   0.0460   0.7920   0.0623   0.9770      1
3136.000000 69.409259 -66.199387  24.2050   0.0510   1.0290   0.0661   0.9770      1
1532.000000 69.418941 -66.198843  22.6890   0.0210   0.7130   0.0297   0.9760      1
1708.000000 69.412521 -66.201027  22.8360   0.0220   0.6270   0.0318   0.9760      1
1540.000000 69.420222 -66.194531  22.6300   0.0250   0.5970   0.0333   0.9760      1
2155.000000 69.418765 -66.198676  23.3140   0.0310   0.7640   0.0438   0.9760      1
2602.000000 69.414947 -66.195569  23.6990   0.0360   0.8400   0.0502   0.9760      1
2642.000000 69.417649 -66.194671  23.7170   0.0360   0.7890   0.0502   0.9760      1
2682.000000 69.411798 -66.198550  23.6910   0.0360   0.6850   0.0523   0.9760      1
2712.000000 69.416311 -66.203278  23.6960   0.0360   0.6620   0.0531   0.9760      1
2649.000000 69.411295 -66.196897  23.6600   0.0370   0.6580   0.0523   0.9760      1
2654.000000 69.417997 -66.200926  23.7080   0.0370   0.7660   0.0523   0.9760      1
2692.000000 69.416024 -66.200566  23.7150   0.0370   0.7030   0.0523   0.9760      1
2758.000000 69.419096 -66.202214  23.7580   0.0370   0.6830   0.0530   0.9760      1
2234.000000 69.413922 -66.201551  23.4670   0.0390   0.8800   0.0524   0.9760      1
2750.000000 69.412228 -66.200900  23.7780   0.0390   0.7460   0.0573   0.9760      1
2948.000000 69.417572 -66.200980  23.8450   0.0390   0.6350   0.0573   0.9760      1
2714.000000 69.411549 -66.199113  23.7000   0.0390   0.6520   0.0588   0.9760      1
2626.000000 69.417859 -66.196095  23.7130   0.0400   0.8010   0.0532   0.9760      1
2657.000000 69.414212 -66.204681  23.6600   0.0400   0.6570   0.0538   0.9760      1
2676.000000 69.417537 -66.200251  23.7070   0.0400   0.7300   0.0552   0.9760      1
2696.000000 69.419846 -66.199513  23.7370   0.0400   0.7510   0.0566   0.9760      1
2697.000000 69.420442 -66.199570  23.7140   0.0410   0.7030   0.0566   0.9760      1
2674.000000 69.418606 -66.195026  23.7270   0.0420   0.7520   0.0553   0.9760      1
2693.000000 69.411264 -66.200669  23.8030   0.0430   0.8620   0.0561   0.9760      1
2662.000000 69.418645 -66.205425  23.7230   0.0440   0.7550   0.0562   0.9760      1
2687.000000 69.417793 -66.201100  23.7130   0.0440   0.7070   0.0575   0.9760      1
2718.000000 69.420571 -66.198626  23.7230   0.0440   0.7500   0.0666   0.9760      1
2715.000000 69.422186 -66.200346  23.7790   0.0450   0.7990   0.0576   0.9760      1
2721.000000 69.412217 -66.196692  23.7540   0.0470   0.7590   0.0604   0.9760      1
2737.000000 69.418581 -66.197725  23.7600   0.0480   0.7170   0.0612   0.9760      1
2694.000000 69.413507 -66.196919  23.8020   0.0510   0.8560   0.0648   0.9760      1
1533.000000 69.413684 -66.197282  22.6380   0.0200   0.6160   0.0297   0.9750      1
1526.000000 69.414865 -66.198239  22.6480   0.0210   0.6620   0.0304   0.9750      1
1415.000000 69.411258 -66.202506  22.4750   0.0230   0.5850   0.0311   0.9750      1
1850.000000 69.412726 -66.202940  22.9870   0.0240   0.6660   0.0339   0.9750      1
2235.000000 69.410247 -66.199339  23.2910   0.0290   0.5720   0.0425   0.9750      1
2093.000000 69.417178 -66.199575  23.2570   0.0290   0.7610   0.0486   0.9750      1
2217.000000 69.420007 -66.194982  23.3660   0.0330   0.7700   0.0439   0.9750      1
2048.000000 69.414750 -66.197544  23.2410   0.0330   0.7800   0.0446   0.9750      1
2650.000000 69.411895 -66.202107  23.7010   0.0360   0.7580   0.0509   0.9750      1
2673.000000 69.409845 -66.196164  23.6850   0.0360   0.7160   0.0546   0.9750      1
2653.000000 69.415780 -66.201778  23.6890   0.0370   0.7250   0.0516   0.9750      1
2607.000000 69.411734 -66.197071  23.6090   0.0370   0.6470   0.0583   0.9750      1
2802.000000 69.408865 -66.197169  23.7890   0.0380   0.6910   0.0545   0.9750      1
2798.000000 69.418661 -66.195946  23.7840   0.0380   0.6960   0.0566   0.9750      1
2870.000000 69.421970 -66.195922  23.7720   0.0380   0.5930   0.0589   0.9750      1
2728.000000 69.421126 -66.194706  23.8000   0.0390   0.7960   0.0559   0.9750      1
2856.000000 69.412703 -66.197919  23.8040   0.0390   0.6790   0.0566   0.9750      1
2759.000000 69.417557 -66.197400  23.7900   0.0400   0.7600   0.0566   0.9750      1
2934.000000 69.418074 -66.201100  23.8410   0.0400   0.6430   0.0580   0.9750      1
2765.000000 69.411737 -66.197040  23.7930   0.0410   0.7530   0.0735   0.9750      1
2990.000000 69.411233 -66.199428  23.8710   0.0420   0.6300   0.0684   0.9750      1
2768.000000 69.414793 -66.198737  23.7830   0.0430   0.7410   0.0594   0.9750      1
2744.000000 69.414560 -66.200531  23.7800   0.0450   0.7490   0.0622   0.9750      1
2688.000000 69.416851 -66.201191  23.7000   0.0510   0.6840   0.0636   0.9750      1
2646.000000 69.415032 -66.198713  23.6910   0.0520   0.7510   0.0688   0.9750      1
2684.000000 69.420169 -66.195321  23.8150   0.0530   0.8600   0.0646   0.9750      1
3334.000000 69.412560 -66.198014  24.3670   0.0590   1.1090   0.0736   0.9750      1
1854.000000 69.412852 -66.197773  22.9960   0.0250   0.6720   0.0361   0.9740      1
1641.000000 69.420615 -66.199321  22.7700   0.0280   0.6360   0.0396   0.9740      1
2183.000000 69.409571 -66.197628  23.3280   0.0290   0.7530   0.0410   0.9740      1
2202.000000 69.414855 -66.202731  23.3490   0.0340   0.7580   0.0447   0.9740      1
2634.000000 69.413230 -66.195143  23.6690   0.0390   0.7030   0.0531   0.9740      1
2601.000000 69.414379 -66.198520  23.6150   0.0400   0.6620   0.0566   0.9740      1
2816.000000 69.419455 -66.197314  23.8050   0.0440   0.7220   0.0601   0.9740      1
2580.000000 69.408996 -66.198586  23.6120   0.0440   0.6650   0.0622   0.9740      1
3042.000000 69.413267 -66.193798  24.1020   0.0450   0.9830   0.0595   0.9740      1
2989.000000 69.412922 -66.200487  23.8780   0.0450   0.6480   0.0629   0.9740      1
2559.000000 69.421315 -66.195484  23.6860   0.0480   0.8490   0.0658   0.9740      1
2886.000000 69.416639 -66.205454  23.8320   0.0570   0.6590   0.0720   0.9740      1
2764.000000 69.414485 -66.192624  23.7930   0.0580   0.7390   0.0688   0.9740      1
1200.000000 69.418278 -66.200360  22.2400   0.0170   0.6350   0.0240   0.9730      1
1869.000000 69.422755 -66.199468  22.9940   0.0250   0.6330   0.0354   0.9730      1
1877.000000 69.415114 -66.194130  23.0120   0.0280   0.6700   0.0382   0.9730      1
2134.000000 69.411626 -66.200153  23.2680   0.0290   0.7130   0.0410   0.9730      1
2146.000000 69.410863 -66.202742  23.2200   0.0330   0.5970   0.0439   0.9730      1
2158.000000 69.413090 -66.193716  23.3180   0.0330   0.7440   0.0439   0.9730      1
2503.000000 69.414767 -66.200436  23.5040   0.0330   0.5890   0.0488   0.9730      1
2571.000000 69.420314 -66.201502  23.6190   0.0350   0.7000   0.0578   0.9730      1
2585.000000 69.411665 -66.200196  23.6170   0.0370   0.6910   0.0530   0.9730      1
2531.000000 69.420614 -66.200091  23.6710   0.0390   0.8510   0.0511   0.9730      1
2510.000000 69.410966 -66.197399  23.5220   0.0390   0.6150   0.0524   0.9730      1
2518.000000 69.414012 -66.195930  23.5290   0.0400   0.6170   0.0559   0.9730      1
2983.000000 69.413983 -66.194957  23.8810   0.0400   0.6550   0.0617   0.9730      1
2598.000000 69.413631 -66.197392  23.6260   0.0420   0.7000   0.0684   0.9730      1
2736.000000 69.422274 -66.199532  23.8630   0.0460   0.9110   0.0584   0.9730      1
2862.000000 69.412444 -66.198269  23.8260   0.0460   0.7040   0.0658   0.9730      1
3160.000000 69.421583 -66.195862  24.1840   0.0640   0.9860   0.0760   0.9730      1
3263.000000 69.416524 -66.200926  24.2520   0.0640   1.0150   0.0794   0.9730      1
1674.000000 69.412141 -66.197998  22.7880   0.0220   0.6330   0.0318   0.9720      1
1874.000000 69.411286 -66.194528  22.9960   0.0240   0.6310   0.0347   0.9720      1
1882.000000 69.413131 -66.197442  22.9870   0.0250   0.6030   0.0368   0.9720      1
2077.000000 69.417062 -66.193414  23.1540   0.0260   0.5780   0.0389   0.9720      1
1887.000000 69.418167 -66.199790  22.9920   0.0270   0.6030   0.0396   0.9720      1
1876.000000 69.417056 -66.201595  22.9890   0.0280   0.6170   0.0382   0.9720      1
2148.000000 69.413778 -66.195890  23.2720   0.0280   0.6910   0.0403   0.9720      1
2157.000000 69.413653 -66.196367  23.2880   0.0290   0.6960   0.0410   0.9720      1
2120.000000 69.418859 -66.198795  23.1960   0.0300   0.5960   0.0453   0.9720      1
2298.000000 69.415354 -66.197888  23.4420   0.0330   0.7610   0.0488   0.9720      1
2537.000000 69.412079 -66.196282  23.5670   0.0340   0.6660   0.0488   0.9720      1
2177.000000 69.419526 -66.200791  23.2830   0.0340   0.6920   0.0502   0.9720      1
2136.000000 69.414874 -66.197939  23.2180   0.0350   0.6060   0.0502   0.9720      1
2150.000000 69.419901 -66.201578  23.2870   0.0360   0.7080   0.0462   0.9720      1
2560.000000 69.417536 -66.196976  23.6270   0.0360   0.7340   0.0502   0.9720      1
2581.000000 69.413214 -66.194060  23.6490   0.0360   0.7360   0.0502   0.9720      1
2567.000000 69.422835 -66.200190  23.6140   0.0370   0.7150   0.0509   0.9720      1
2123.000000 69.410303 -66.197851  23.2080   0.0380   0.6050   0.0523   0.9720      1
2831.000000 69.411401 -66.198203  23.8300   0.0390   0.7440   0.0552   0.9720      1
2927.000000 69.411350 -66.194092  23.8690   0.0400   0.6880   0.0573   0.9720      1
2774.000000 69.419901 -66.197193  23.8420   0.0410   0.8210   0.0559   0.9720      1
2528.000000 69.418176 -66.197472  23.5700   0.0430   0.6770   0.0587   0.9720      1
2169.000000 69.421579 -66.199628  23.2720   0.0440   0.7120   0.0581   0.9720      1
2835.000000 69.410241 -66.201101  23.8320   0.0440   0.7420   0.0581   0.9720      1
2455.000000 69.420183 -66.198685  23.6440   0.0460   0.9160   0.0603   0.9720      1
2775.000000 69.420310 -66.201843  23.8410   0.0470   0.8260   0.0598   0.9720      1
2867.000000 69.412467 -66.192373  23.8400   0.0470   0.7300   0.0611   0.9720      1
2523.000000 69.419157 -66.202827  23.5690   0.0490   0.6860   0.0596   0.9720      1
3040.000000 69.422280 -66.197914  24.1060   0.0520   0.9700   0.0662   0.9720      1
2890.000000 69.415336 -66.198792  23.8440   0.0550   0.7170   0.0717   0.9720      1
3118.000000 69.413422 -66.198764  23.9430   0.0550   0.5990   0.0792   0.9720      1
3258.000000 69.413562 -66.193191  24.2290   0.0590   0.9890   0.0849   0.9720      1
1548.000000 69.413243 -66.193659  22.6470   0.0250   0.6000   0.0326   0.9710      1
1663.000000 69.419489 -66.199144  22.7890   0.0250   0.6390   0.0354   0.9710      1
1891.000000 69.418770 -66.197507  23.0270   0.0260   0.6690   0.0368   0.9710      1
1890.000000 69.418649 -66.199478  23.0000   0.0270   0.6180   0.0382   0.9710      1
2112.000000 69.418414 -66.192376  23.2090   0.0270   0.6340   0.0389   0.9710      1
2165.000000 69.421210 -66.202684  23.2820   0.0300   0.6720   0.0417   0.9710      1
2173.000000 69.414167 -66.200861  23.3240   0.0300   0.7250   0.0431   0.9710      1
2002.000000 69.417760 -66.199525  23.1790   0.0310   0.7540   0.0431   0.9710      1
2064.000000 69.420757 -66.199548  23.2090   0.0320   0.7280   0.0432   0.9710      1
2342.000000 69.419699 -66.203701  23.4900   0.0320   0.7910   0.0446   0.9710      1
2384.000000 69.415850 -66.197639  23.4440   0.0330   0.7360   0.0511   0.9710      1
2189.000000 69.418354 -66.199751  23.2880   0.0330   0.6570   0.0566   0.9710      1
2058.000000 69.419026 -66.197905  23.2080   0.0340   0.7130   0.0440   0.9710      1
2533.000000 69.415066 -66.201684  23.5600   0.0340   0.7230   0.0525   0.9710      1
2540.000000 69.413924 -66.194888  23.6350   0.0350   0.7630   0.0495   0.9710      1
2111.000000 69.417651 -66.204065  23.2340   0.0360   0.6490   0.0469   0.9710      1
2198.000000 69.415855 -66.196880  23.3310   0.0360   0.7260   0.0475   0.9710      1
2142.000000 69.414266 -66.199658  23.2520   0.0360   0.6760   0.0488   0.9710      1
2530.000000 69.411358 -66.193966  23.5820   0.0360   0.7160   0.0495   0.9710      1
2487.000000 69.417680 -66.200624  23.5280   0.0360   0.6730   0.0538   0.9710      1
2124.000000 69.420083 -66.200752  23.2260   0.0370   0.6520   0.0470   0.9710      1
2292.000000 69.413125 -66.198312  23.4340   0.0380   0.7520   0.0490   0.9710      1
2427.000000 69.418631 -66.201660  23.5280   0.0380   0.6610   0.0510   0.9710      1
2489.000000 69.420555 -66.199533  23.5600   0.0380   0.7180   0.0510   0.9710      1
2557.000000 69.413344 -66.196560  23.5560   0.0380   0.7090   0.0574   0.9710      1
2457.000000 69.420397 -66.200795  23.6550   0.0390   0.7940   0.0524   0.9710      1
2358.000000 69.414567 -66.204290  23.4830   0.0390   0.7530   0.0545   0.9710      1
2135.000000 69.412311 -66.200843  23.2430   0.0400   0.6500   0.0494   0.9710      1
2125.000000 69.419776 -66.198113  23.2720   0.0400   0.6610   0.0532   0.9710      1
2834.000000 69.413997 -66.204302  23.8470   0.0400   0.7730   0.0552   0.9710      1
2450.000000 69.418006 -66.200884  23.5160   0.0420   0.6890   0.0547   0.9710      1
2474.000000 69.417926 -66.201207  23.5350   0.0420   0.6850   0.0573   0.9710      1
3025.000000 69.412553 -66.197878  23.9100   0.0470   0.6690   0.0672   0.9710      1
2507.000000 69.415275 -66.196383  23.6090   0.0480   0.7590   0.0588   0.9710      1
2789.000000 69.420916 -66.196793  23.8420   0.0530   0.8080   0.0652   0.9710      1
2899.000000 69.422589 -66.196748  23.8640   0.0530   0.6950   0.0729   0.9710      1
1625.000000 69.417286 -66.193592  22.8120   0.0240   0.7600   0.0326   0.9700      1
2026.000000 69.421588 -66.199532  23.1190   0.0260   0.5780   0.0412   0.9700      1
2062.000000 69.414387 -66.196082  23.1970   0.0270   0.6860   0.0389   0.9700      1
2069.000000 69.421172 -66.196491  23.2000   0.0270   0.6950   0.0389   0.9700      1
2039.000000 69.412933 -66.198817  23.1380   0.0280   0.6020   0.0410   0.9700      1
2075.000000 69.419790 -66.194941  23.1670   0.0290   0.6150   0.0403   0.9700      1
2203.000000 69.413486 -66.202407  23.2990   0.0290   0.6580   0.0410   0.9700      1
2250.000000 69.422686 -66.197655  23.3090   0.0290   0.6120   0.0425   0.9700      1
2072.000000 69.416629 -66.204827  23.2050   0.0300   0.6950   0.0410   0.9700      1
2079.000000 69.419475 -66.197545  23.1940   0.0300   0.6680   0.0424   0.9700      1
2206.000000 69.409430 -66.199645  23.3000   0.0300   0.6620   0.0431   0.9700      1
2179.000000 69.414124 -66.202258  23.3060   0.0310   0.6930   0.0425   0.9700      1
2337.000000 69.410475 -66.202952  23.4500   0.0310   0.7090   0.0438   0.9700      1
2197.000000 69.414940 -66.197102  23.2960   0.0320   0.6560   0.0453   0.9700      1
2404.000000 69.412030 -66.201561  23.4950   0.0320   0.7020   0.0460   0.9700      1
1995.000000 69.411489 -66.195475  23.1750   0.0330   0.7570   0.0420   0.9700      1
2423.000000 69.418738 -66.195731  23.4990   0.0330   0.6810   0.0467   0.9700      1
2444.000000 69.421571 -66.195038  23.5170   0.0330   0.7760   0.0503   0.9700      1
2332.000000 69.414619 -66.200383  23.5080   0.0340   0.8350   0.0467   0.9700      1
2481.000000 69.416157 -66.193764  23.5740   0.0340   0.7480   0.0474   0.9700      1
2491.000000 69.411769 -66.196673  23.5770   0.0340   0.7390   0.0474   0.9700      1
2414.000000 69.415626 -66.198624  23.4970   0.0340   0.6960   0.0488   0.9700      1
2356.000000 69.418353 -66.198298  23.4540   0.0350   0.7030   0.0481   0.9700      1
2458.000000 69.415928 -66.196006  23.5600   0.0350   0.7450   0.0488   0.9700      1
2544.000000 69.420292 -66.195747  23.6260   0.0350   0.7720   0.0488   0.9700      1
2416.000000 69.419009 -66.198709  23.5050   0.0360   0.7020   0.0561   0.9700      1
2055.000000 69.420344 -66.195062  23.1570   0.0370   0.6160   0.0464   0.9700      1
2274.000000 69.412980 -66.200623  23.4060   0.0370   0.7350   0.0530   0.9700      1
2388.000000 69.416277 -66.197863  23.4950   0.0380   0.7270   0.0517   0.9700      1
2393.000000 69.414049 -66.200029  23.4790   0.0380   0.7170   0.0545   0.9700      1
2417.000000 69.420094 -66.196864  23.5280   0.0390   0.7440   0.0504   0.9700      1
2823.000000 69.421628 -66.201804  23.8560   0.0390   0.8150   0.0538   0.9700      1
2517.000000 69.416393 -66.195987  23.6010   0.0400   0.7510   0.0538   0.9700      1
2413.000000 69.417192 -66.195240  23.5120   0.0400   0.7120   0.0566   0.9700      1
2153.000000 69.412682 -66.192478  23.3600   0.0430   0.7250   0.0542   0.9700      1
3037.000000 69.420460 -66.200124  23.9210   0.0430   0.6660   0.0630   0.9700      1
2364.000000 69.413154 -66.199210  23.4620   0.0440   0.7130   0.0556   0.9700      1
2866.000000 69.409344 -66.199474  23.8620   0.0440   0.7490   0.0588   0.9700      1
2894.000000 69.411299 -66.195749  23.8630   0.0440   0.7410   0.0629   0.9700      1
2287.000000 69.419309 -66.197881  23.4150   0.0450   0.7290   0.0558   0.9700      1
2997.000000 69.415608 -66.196686  23.9020   0.0450   0.6900   0.0636   0.9700      1
2749.000000 69.416696 -66.194539  23.8950   0.0500   0.9380   0.0666   0.9700      1
3209.000000 69.415598 -66.196988  24.1960   0.0590   0.9510   0.0742   0.9700      1
3413.000000 69.416427 -66.204362  24.4450   0.0620   1.1180   0.0760   0.9700      1
3632.000000 69.417682 -66.194160  24.5320   0.0710   1.1870   0.0892   0.9700      1
1704.000000 69.421405 -66.201740  22.8110   0.0220   0.6420   0.0348   0.9690      1
1879.000000 69.413937 -66.200236  23.0470   0.0260   0.7360   0.0368   0.9690      1
1907.000000 69.414983 -66.199443  23.0350   0.0290   0.6670   0.0425   0.9690      1
2232.000000 69.419040 -66.201668  23.3130   0.0290   0.6410   0.0439   0.9690      1
2065.000000 69.414709 -66.199161  23.1680   0.0320   0.6440   0.0439   0.9690      1
1906.000000 69.409902 -66.201163  23.0330   0.0340   0.6410   0.0428   0.9690      1
2452.000000 69.412964 -66.199834  23.5700   0.0350   0.7780   0.0488   0.9690      1
2040.000000 69.408730 -66.197212  23.1810   0.0360   0.6790   0.0456   0.9690      1
2822.000000 69.410620 -66.202204  23.8750   0.0400   0.8460   0.0545   0.9690      1
2400.000000 69.415391 -66.197434  23.5420   0.0450   0.7920   0.0564   0.9690      1
3389.000000 69.413331 -66.197508  24.1960   0.0540   0.9390   0.0785   0.9690      1
3378.000000 69.414929 -66.198690  24.3420   0.0620   1.0090   0.0809   0.9690      1
1911.000000 69.412034 -66.198751  23.0440   0.0250   0.6610   0.0375   0.9680      1
1588.000000 69.417383 -66.198641  22.6630   0.0270   0.5950   0.0389   0.9680      1
1917.000000 69.414292 -66.202297  23.0460   0.0280   0.6640   0.0382   0.9680      1
1904.000000 69.413063 -66.198584  23.0460   0.0280   0.6660   0.0389   0.9680      1
1924.000000 69.416172 -66.197347  23.0410   0.0280   0.6440   0.0396   0.9680      1
1624.000000 69.414897 -66.197173  22.7690   0.0290   0.6680   0.0376   0.9680      1
2245.000000 69.411501 -66.202081  23.3230   0.0290   0.6400   0.0439   0.9680      1
2374.000000 69.411628 -66.202895  23.4440   0.0310   0.6530   0.0446   0.9680      1
2019.000000 69.410803 -66.199141  23.1430   0.0310   0.6510   0.0514   0.9680      1
2497.000000 69.411794 -66.198161  23.6200   0.0350   0.8090   0.0481   0.9680      1
2383.000000 69.418952 -66.203581  23.5420   0.0360   0.8220   0.0475   0.9680      1
2390.000000 69.421859 -66.196589  23.4510   0.0380   0.6260   0.0503   0.9680      1
3100.000000 69.421206 -66.194080  23.9730   0.0420   0.6560   0.0676   0.9680      1
2935.000000 69.415955 -66.196287  24.0230   0.0460   0.9490   0.0603   0.9680      1
2993.000000 69.420615 -66.200363  23.9190   0.0490   0.7000   0.0659   0.9680      1
3027.000000 69.414960 -66.196405  23.9250   0.0520   0.6880   0.0675   0.9680      1
3135.000000 69.422402 -66.199523  24.1340   0.0590   0.9180   0.0730   0.9680      1
3098.000000 69.416976 -66.197445  24.1190   0.0620   0.9330   0.0772   0.9680      1
3304.000000 69.413209 -66.195312  24.2800   0.0780   0.9730   0.0896   0.9680      1
3398.000000 69.416886 -66.197471  24.3530   0.0800   1.0270   0.0938   0.9680      1
1662.000000 69.418263 -66.199641  22.7950   0.0240   0.6580   0.0339   0.9670      1
2006.000000 69.417159 -66.200523  23.1380   0.0270   0.6700   0.0382   0.9670      1
1998.000000 69.419835 -66.201369  23.1260   0.0270   0.6570   0.0389   0.9670      1
2004.000000 69.416000 -66.198698  23.1220   0.0280   0.6450   0.0410   0.9670      1
2262.000000 69.419818 -66.199145  23.3330   0.0300   0.6400   0.0439   0.9670      1
2300.000000 69.421546 -66.200856  23.4120   0.0310   0.6830   0.0438   0.9670      1
2351.000000 69.414891 -66.193095  23.4270   0.0310   0.6510   0.0446   0.9670      1
2306.000000 69.411121 -66.195617  23.4110   0.0340   0.6700   0.0460   0.9670      1
2363.000000 69.420384 -66.202204  23.4350   0.0430   0.6530   0.0536   0.9670      1
2447.000000 69.416687 -66.197539  23.5920   0.0430   0.8250   0.0574   0.9670      1
3129.000000 69.415009 -66.197904  23.9730   0.0450   0.6520   0.0791   0.9670      1
2841.000000 69.415477 -66.202898  23.8860   0.0460   0.8220   0.0590   0.9670      1
2847.000000 69.420789 -66.195008  23.8920   0.0460   0.8440   0.0597   0.9670      1
2900.000000 69.416894 -66.198456  23.8920   0.0530   0.7920   0.0683   0.9670      1
3311.000000 69.420484 -66.200084  24.2270   0.0530   0.9110   0.0801   0.9670      1
3325.000000 69.418967 -66.195954  24.2650   0.0550   0.9360   0.0711   0.9670      1
2973.000000 69.415024 -66.194472  24.0490   0.0570   0.9460   0.0758   0.9670      1
3372.000000 69.419406 -66.199229  24.3100   0.0600   0.9610   0.0794   0.9670      1
2919.000000 69.412109 -66.196420  23.9560   0.0610   0.9760   0.0842   0.9670      1
2991.000000 69.420002 -66.199749  24.0610   0.0640   0.9400   0.0771   0.9670      1
1910.000000 69.412211 -66.192948  23.0580   0.0260   0.6640   0.0382   0.9660      1
2007.000000 69.416426 -66.197575  23.1500   0.0280   0.6980   0.0396   0.9660      1
2276.000000 69.415247 -66.204288  23.3890   0.0300   0.6980   0.0424   0.9660      1
2326.000000 69.411966 -66.194492  23.4090   0.0300   0.6550   0.0431   0.9660      1
2009.000000 69.414090 -66.197813  23.1380   0.0360   0.6800   0.0538   0.9660      1
2282.000000 69.415162 -66.204476  23.3830   0.0370   0.6790   0.0476   0.9660      1
2224.000000 69.412088 -66.201459  23.3480   0.0380   0.6540   0.0490   0.9660      1
2914.000000 69.420372 -66.200901  23.8970   0.0400   0.7580   0.0566   0.9660      1
2843.000000 69.415411 -66.204278  23.9240   0.0410   0.8940   0.0552   0.9660      1
3051.000000 69.415925 -66.199512  23.9480   0.0450   0.7000   0.0658   0.9660      1
2920.000000 69.414238 -66.200112  23.9040   0.0460   0.7810   0.0679   0.9660      1
2902.000000 69.417633 -66.192660  23.9050   0.0530   0.8100   0.0652   0.9660      1
3309.000000 69.421932 -66.200098  24.2220   0.0610   0.9000   0.0758   0.9660      1
2978.000000 69.415642 -66.196575  24.0350   0.0620   0.9330   0.0760   0.9660      1
3302.000000 69.415469 -66.197380  24.2150   0.0640   0.8930   0.0806   0.9660      1
3403.000000 69.413867 -66.200345  24.3350   0.0780   0.9880   0.0984   0.9660      1
1555.000000 69.416291 -66.198073  22.6760   0.0230   0.6570   0.0325   0.9650      1
1898.000000 69.416767 -66.195422  23.0610   0.0250   0.7280   0.0368   0.9650      1
1978.000000 69.421858 -66.202196  23.0630   0.0260   0.6140   0.0389   0.9650      1
1959.000000 69.413593 -66.199007  23.0550   0.0270   0.6160   0.0389   0.9650      1
1980.000000 69.421343 -66.197994  23.0680   0.0300   0.5940   0.0410   0.9650      1
1985.000000 69.420186 -66.199519  23.0910   0.0320   0.6570   0.0432   0.9650      1
1988.000000 69.416136 -66.200114  23.0420   0.0330   0.5380   0.0446   0.9650      1
2281.000000 69.418415 -66.195359  23.3540   0.0340   0.6310   0.0460   0.9650      1
1993.000000 69.416419 -66.197779  23.1250   0.0360   0.6750   0.0456   0.9650      1
3323.000000 69.412266 -66.196014  24.2150   0.0500   0.8570   0.0679   0.9650      1
3465.000000 69.415367 -66.202450  24.3840   0.0560   0.9880   0.0731   0.9650      1
3370.000000 69.417000 -66.193249  24.2800   0.0620   0.9200   0.0766   0.9650      1
3312.000000 69.409856 -66.196205  24.2010   0.0640   0.8720   0.0794   0.9650      1
3477.000000 69.410171 -66.199816  24.4480   0.0780   1.0730   0.0932   0.9650      1
1955.000000 69.414212 -66.203633  23.0780   0.0270   0.6620   0.0375   0.9640      1
1981.000000 69.411368 -66.195737  23.0940   0.0270   0.6570   0.0389   0.9640      1
2880.000000 69.410546 -66.203413  23.9240   0.0440   0.8520   0.0575   0.9640      1
3248.000000 69.415583 -66.201804  24.1450   0.0460   0.8410   0.0630   0.9640      1
2957.000000 69.409401 -66.198107  23.9860   0.0460   0.9180   0.0772   0.9640      1
3139.000000 69.408894 -66.200356  24.1080   0.0470   0.8770   0.0686   0.9640      1
3401.000000 69.413899 -66.194671  24.1620   0.0470   0.6960   0.0686   0.9640      1
3320.000000 69.416313 -66.204680  24.1800   0.0480   0.8180   0.0658   0.9640      1
3374.000000 69.414538 -66.204472  24.1670   0.0480   0.7110   0.0672   0.9640      1
3356.000000 69.415140 -66.200638  24.2180   0.0500   0.8520   0.0686   0.9640      1
2876.000000 69.412239 -66.201651  23.9200   0.0510   0.8290   0.0642   0.9640      1
2956.000000 69.415804 -66.205495  23.9280   0.0510   0.7630   0.0642   0.9640      1
3347.000000 69.419956 -66.200133  24.2170   0.0510   0.8410   0.0780   0.9640      1
3380.000000 69.416761 -66.194587  24.2670   0.0540   0.8900   0.0750   0.9640      1
3178.000000 69.422498 -66.200608  24.1320   0.0550   0.8640   0.0698   0.9640      1
3183.000000 69.410944 -66.200406  24.1730   0.0580   0.8430   0.0734   0.9640      1
3458.000000 69.412668 -66.199936  24.3670   0.0590   0.9720   0.0767   0.9640      1
3241.000000 69.414652 -66.200112  24.1480   0.0610   0.8590   0.0782   0.9640      1
3293.000000 69.417705 -66.196070  24.2000   0.0660   0.8430   0.0810   0.9640      1
3749.000000 69.418193 -66.196942  24.6910   0.0690   1.1560   0.0864   0.9640      1
2951.000000 69.412831 -66.197852  23.9890   0.0450   0.9040   0.0644   0.9630      1
3169.000000 69.410553 -66.199265  24.1180   0.0470   0.8580   0.0637   0.9630      1
3340.000000 69.411150 -66.194468  24.1550   0.0470   0.7400   0.0665   0.9630      1
3350.000000 69.409690 -66.201885  24.1630   0.0470   0.7450   0.0672   0.9630      1
3377.000000 69.410549 -66.199616  24.1410   0.0470   0.6860   0.0739   0.9630      1
3164.000000 69.419248 -66.204331  24.1060   0.0480   0.8600   0.0644   0.9630      1
3337.000000 69.418868 -66.201380  24.1740   0.0480   0.7920   0.0672   0.9630      1
3260.000000 69.421119 -66.198885  24.0510   0.0480   0.6530   0.0679   0.9630      1
3338.000000 69.413301 -66.200478  24.1790   0.0490   0.7910   0.0679   0.9630      1
3009.000000 69.417624 -66.199092  23.9550   0.0490   0.7460   0.0693   0.9630      1
3283.000000 69.408890 -66.198549  24.1550   0.0500   0.8010   0.0679   0.9630      1
3427.000000 69.417503 -66.204534  24.3030   0.0500   0.9070   0.0679   0.9630      1
2912.000000 69.420323 -66.203586  23.9550   0.0510   0.8700   0.0636   0.9630      1
2921.000000 69.412581 -66.200040  23.9460   0.0510   0.8460   0.0667   0.9630      1
3171.000000 69.418793 -66.201485  24.1020   0.0510   0.8610   0.0780   0.9630      1
3446.000000 69.417394 -66.200080  24.2190   0.0510   0.7430   0.0811   0.9630      1
3441.000000 69.412914 -66.199146  24.2180   0.0520   0.7510   0.0728   0.9630      1
3435.000000 69.419663 -66.200626  24.2080   0.0530   0.7320   0.0846   0.9630      1
3442.000000 69.422454 -66.201435  24.2080   0.0560   0.7210   0.0858   0.9630      1
3396.000000 69.416328 -66.199644  24.2160   0.0570   0.7890   0.0887   0.9630      1
3407.000000 69.418504 -66.196345  24.2140   0.0590   0.7980   0.0800   0.9630      1
3354.000000 69.419863 -66.196761  24.2000   0.0620   0.7930   0.0796   0.9630      1
3420.000000 69.419755 -66.197596  24.3040   0.0660   0.9050   0.0810   0.9630      1
3115.000000 69.409799 -66.197917  23.9970   0.0440   0.7110   0.0629   0.9620      1
3481.000000 69.418193 -66.192928  24.2500   0.0490   0.7440   0.0938   0.9620      1
3079.000000 69.416527 -66.198343  23.9820   0.0520   0.7240   0.0779   0.9620      1
3461.000000 69.417817 -66.202667  24.3370   0.0550   0.9120   0.0723   0.9620      1
3478.000000 69.415593 -66.201045  24.2400   0.0550   0.7400   0.0792   0.9620      1
3424.000000 69.414267 -66.201202  24.2560   0.0590   0.8320   0.0761   0.9620      1
3433.000000 69.420479 -66.200968  24.3120   0.0590   0.8970   0.0761   0.9620      1
3217.000000 69.420055 -66.202271  24.0430   0.0600   0.6730   0.0835   0.9620      1
2963.000000 69.415912 -66.200352  23.9640   0.0630   0.8380   0.0786   0.9620      1
3189.000000 69.410502 -66.200475  24.1120   0.0660   0.8200   0.0853   0.9620      1
3967.000000 69.409636 -66.198041  24.8250   0.0770   1.1700   0.0976   0.9620      1
3030.000000 69.412906 -66.194984  23.9710   0.0420   0.7590   0.0587   0.9610      1
3086.000000 69.416874 -66.195913  23.9990   0.0430   0.7280   0.0608   0.9610      1
3101.000000 69.410957 -66.199803  23.9940   0.0440   0.7220   0.0622   0.9610      1
3018.000000 69.422467 -66.197437  23.9580   0.0450   0.7920   0.0673   0.9610      1
3071.000000 69.416143 -66.201519  23.9880   0.0450   0.7460   0.0673   0.9610      1
3001.000000 69.411188 -66.199137  23.9560   0.0460   0.7850   0.0623   0.9610      1
3319.000000 69.417562 -66.199423  24.1140   0.0500   0.7080   0.0736   0.9610      1
3336.000000 69.412628 -66.192476  24.0780   0.0530   0.6660   0.0808   0.9610      1
3043.000000 69.415962 -66.197177  24.0330   0.0540   0.8730   0.0703   0.9610      1
3456.000000 69.419656 -66.199328  24.2810   0.0540   0.8420   0.0785   0.9610      1
3494.000000 69.419783 -66.199529  24.2580   0.0580   0.7500   0.0820   0.9610      1
3495.000000 69.420519 -66.196092  24.2500   0.0600   0.7220   0.0781   0.9610      1
3448.000000 69.418745 -66.205168  24.2740   0.0620   0.8200   0.0863   0.9610      1
3742.000000 69.413969 -66.195348  24.6320   0.0630   1.0770   0.0856   0.9610      1
3471.000000 69.421059 -66.194410  24.3850   0.0680   0.9500   0.0856   0.9610      1
3950.000000 69.412016 -66.195674  24.7930   0.0710   1.1370   0.0990   0.9610      1
3695.000000 69.421466 -66.194524  24.6110   0.0760   1.0800   0.0938   0.9610      1
3673.000000 69.419988 -66.199704  24.5670   0.0780   1.0650   0.0949   0.9610      1
3251.000000 69.420300 -66.196869  24.0830   0.0460   0.8270   0.0813   0.9600      1
3087.000000 69.412611 -66.197762  24.0580   0.0470   0.8550   0.0637   0.9600      1
3231.000000 69.417753 -66.195723  24.0980   0.0510   0.7750   0.0811   0.9600      1
3000.000000 69.417193 -66.203419  23.9940   0.0550   0.8420   0.0704   0.9600      1
3546.000000 69.417784 -66.196202  24.4230   0.0580   0.9610   0.0759   0.9600      1
3125.000000 69.422407 -66.196135  24.0250   0.0590   0.7500   0.0915   0.9600      1
3143.000000 69.413217 -66.199423  24.0060   0.0600   0.7580   0.0877   0.9600      1
3544.000000 69.412262 -66.196848  24.2740   0.0620   0.7030   0.0822   0.9600      1
3470.000000 69.409651 -66.195658  24.3200   0.0650   0.8690   0.0808   0.9600      1
3485.000000 69.422705 -66.198044  24.3140   0.0740   0.8520   0.0888   0.9600      1
3972.000000 69.408893 -66.201167  24.7970   0.0760   1.1170   0.0938   0.9600      1
3157.000000 69.417750 -66.204374  24.0840   0.0450   0.8220   0.0629   0.9590      1
3266.000000 69.421246 -66.201734  24.0840   0.0480   0.7220   0.0672   0.9590      1
3048.000000 69.416373 -66.192532  24.0170   0.0540   0.8320   0.0678   0.9590      1
3173.000000 69.414105 -66.200703  24.0870   0.0540   0.8060   0.0697   0.9590      1
3084.000000 69.420282 -66.198432  24.0260   0.0610   0.7810   0.0764   0.9590      1
3722.000000 69.411789 -66.200844  24.5670   0.0620   1.0190   0.0842   0.9590      1
3905.000000 69.421790 -66.200557  24.6820   0.0700   0.9730   0.0903   0.9590      1
3072.000000 69.412847 -66.192666  24.0250   0.0500   0.8100   0.0647   0.9580      1
3134.000000 69.417109 -66.204959  24.0580   0.0610   0.7690   0.0741   0.9580      1
3506.000000 69.416989 -66.199973  24.3260   0.0660   0.8390   0.0834   0.9580      1
3612.000000 69.416327 -66.200635  24.4720   0.0670   0.9630   0.0836   0.9580      1
4087.000000 69.411045 -66.203699  24.7550   0.0670   0.9420   0.0893   0.9580      1
3713.000000 69.412257 -66.198867  24.5630   0.0670   1.0140   0.0920   0.9580      1
4089.000000 69.421964 -66.196756  24.7500   0.0690   0.9560   0.0908   0.9580      1
4083.000000 69.419550 -66.194568  24.7520   0.0690   0.9460   0.0921   0.9580      1
3566.000000 69.413652 -66.198065  24.3830   0.0740   0.8870   0.0904   0.9580      1
3958.000000 69.413863 -66.201470  24.6990   0.0740   0.9650   0.0934   0.9580      1
4016.000000 69.415885 -66.197497  24.7310   0.0740   0.9660   0.0965   0.9580      1
3779.000000 69.421860 -66.196419  24.6030   0.0770   0.9940   0.0958   0.9580      1
3074.000000 69.414558 -66.205283  24.0250   0.0430   0.7940   0.0594   0.9570      1
3669.000000 69.409313 -66.198242  24.4700   0.0590   0.9590   0.0856   0.9570      1
4109.000000 69.415947 -66.200451  24.7450   0.0710   0.9050   0.0949   0.9570      1
3568.000000 69.419164 -66.204358  24.3600   0.0720   0.8490   0.0900   0.9570      1
3811.000000 69.414746 -66.195776  24.5890   0.0620   0.9460   0.0822   0.9560      1
3848.000000 69.416402 -66.201911  24.6100   0.0640   0.9350   0.0934   0.9560      1
3694.000000 69.421787 -66.196432  24.4950   0.0650   0.9380   0.0851   0.9560      1
3923.000000 69.418501 -66.201190  24.6350   0.0670   0.8950   0.0899   0.9560      1
4196.000000 69.418525 -66.204426  24.7470   0.0680   0.8510   0.0976   0.9560      1
4183.000000 69.410094 -66.195545  24.7680   0.0700   0.8890   0.0942   0.9560      1
4065.000000 69.413591 -66.200386  24.6900   0.0700   0.8660   0.0955   0.9560      1
3971.000000 69.416223 -66.196904  24.6440   0.0710   0.9050   0.0949   0.9560      1
4133.000000 69.418349 -66.201712  24.7990   0.0720   0.9770   0.0944   0.9560      1
4115.000000 69.416914 -66.194841  24.8130   0.0740   1.0220   0.0965   0.9560      1
3893.000000 69.413299 -66.196788  24.6250   0.0740   0.9230   0.0978   0.9560      1
3924.000000 69.414486 -66.199239  24.6360   0.0750   0.9250   0.0967   0.9560      1
3641.000000 69.416794 -66.202112  24.4750   0.0790   0.9180   0.0940   0.9560      1
3843.000000 69.410369 -66.200153  24.6000   0.0830   0.9350   0.0996   0.9560      1
3697.000000 69.414186 -66.204263  24.5160   0.0580   0.9270   0.0779   0.9550      1
3643.000000 69.419732 -66.198579  24.4330   0.0580   0.8810   0.0786   0.9550      1
3719.000000 69.413951 -66.193173  24.5260   0.0600   0.9360   0.0794   0.9550      1
3701.000000 69.421584 -66.195374  24.4790   0.0630   0.9090   0.0957   0.9550      1
3983.000000 69.409413 -66.201592  24.6330   0.0640   0.8570   0.0877   0.9550      1
4067.000000 69.410564 -66.197194  24.6650   0.0700   0.8410   0.0948   0.9550      1
4188.000000 69.417023 -66.196845  24.7950   0.0730   0.9360   0.0977   0.9550      1
4141.000000 69.413351 -66.201687  24.8310   0.0740   1.0270   0.0965   0.9550      1
3658.000000 69.421282 -66.200371  24.4430   0.0770   0.8790   0.0940   0.9550      1
3693.000000 69.415394 -66.197715  24.4770   0.0640   0.8840   0.0948   0.9540      1
4079.000000 69.409461 -66.197149  24.6600   0.0660   0.8130   0.0969   0.9540      1
3987.000000 69.417401 -66.200783  24.6310   0.0670   0.8560   0.0920   0.9540      1
3945.000000 69.420646 -66.198013  24.6150   0.0720   0.8740   0.0950   0.9540      1
3929.000000 69.411315 -66.198920  24.6120   0.0720   0.8730   0.0957   0.9540      1
3655.000000 69.413073 -66.195929  24.4450   0.0570   0.8490   0.0772   0.9530      1
3670.000000 69.414136 -66.196583  24.4020   0.0570   0.7720   0.0857   0.9530      1
3756.000000 69.416729 -66.195049  24.5090   0.0580   0.8680   0.0786   0.9530      1
3730.000000 69.415508 -66.203451  24.4980   0.0580   0.8810   0.0792   0.9530      1
3876.000000 69.419273 -66.202723  24.4730   0.0680   0.6640   0.0907   0.9530      1
4237.000000 69.409938 -66.198778  24.7970   0.0720   0.8730   0.0977   0.9530      1
3751.000000 69.414185 -66.198131  24.4760   0.0760   0.8290   0.0975   0.9530      1
3741.000000 69.414178 -66.201365  24.4750   0.0580   0.8390   0.0792   0.9520      1
3847.000000 69.411085 -66.197734  24.4840   0.0580   0.7430   0.0827   0.9510      1
4017.000000 69.414164 -66.199350  24.5480   0.0670   0.6610   0.0962   0.9510      1
4046.000000 69.413674 -66.204240  24.5970   0.0760   0.7280   0.0981   0.9500      1
480.000000 69.412763 -66.199424  21.0130   0.0120   0.3590   0.0170   0.9850      0
1566.000000 69.413701 -66.199656  22.6390   0.0250   0.5520   0.0340   0.9740      0
891.000000 69.416410 -66.203602  21.7790   0.0130   0.4710   0.0191   0.9730      0
1570.000000 69.419293 -66.197974  22.6560   0.0240   0.5690   0.0326   0.9700      0
953.000000 69.416339 -66.199772  21.9100   0.0200   0.5650   0.0250   0.9690      0
1414.000000 69.418894 -66.199497  22.4970   0.0240   0.6410   0.0319   0.9640      0
1576.000000 69.416106 -66.196271  22.7070   0.0210   0.6710   0.0297   0.9630      0
1435.000000 69.411069 -66.193380  22.5240   0.0190   0.6440   0.0276   0.9610      0
3210.000000 69.422399 -66.199346  24.0670   0.0520   0.7050   0.0694   0.9590      0
3234.000000 69.418960 -66.200372  24.0710   0.0490   0.7260   0.0679   0.9580      0
3552.000000 69.415640 -66.201338  24.3010   0.0680   0.7560   0.0850   0.9580      0
1932.000000 69.417188 -66.200922  23.1040   0.0270   0.7490   0.0368   0.9560      0
3537.000000 69.419944 -66.197950  24.3240   0.0540   0.7950   0.0743   0.9560      0
3597.000000 69.411677 -66.200778  24.3230   0.0570   0.7540   0.0813   0.9560      0
3602.000000 69.415846 -66.201923  24.3920   0.0600   0.8620   0.0781   0.9560      0
3605.000000 69.414467 -66.195700  24.3930   0.0600   0.8320   0.0899   0.9550      0
3633.000000 69.419642 -66.199507  24.4000   0.0740   0.8170   0.0959   0.9550      0
3660.000000 69.414044 -66.192733  24.3650   0.0540   0.7080   0.0785   0.9540      0
3628.000000 69.421107 -66.200872  24.3650   0.0580   0.7780   0.0786   0.9540      0
3723.000000 69.413314 -66.193863  24.3940   0.0750   0.7150   0.0930   0.9540      0
3820.000000 69.416322 -66.193347  24.5410   0.0600   0.8560   0.0835   0.9520      0
3977.000000 69.413058 -66.198057  24.6090   0.0660   0.8050   0.0926   0.9520      0
4217.000000 69.422257 -66.199223  24.8800   0.0760   1.0240   0.0981   0.9490      0
